Roll,Pitch,Yaw,Heading,Roll Setpoint,Pitch Setpoint
-0.07217061,-0.17271711,-120.78612,-118.99612,0,0
-0.09905367,-0.16148363,-120.70014,-118.91014,0,0
-0.090810135,-0.15729919,-120.714905,-118.924904,0,0
-0.07022462,-0.15381064,-120.76231,-118.972305,0,0
-0.047175486,-0.17828621,-120.85859,-119.06859,0,0
-0.054385714,-0.16931649,-121.18261,-119.39261,0,0
-0.07510776,-0.18391818,-121.14354,-119.35354,0,0
-0.08441503,-0.12631588,-120.999016,-119.209015,0,0
-0.082155906,-0.12494847,-121.00374,-119.21374,0,0
-0.09931967,-0.21646865,-122.878174,-121.08817,0,0
-0.11289051,-0.22937876,-122.86427,-121.07427,0,0
-0.13222685,-0.20782612,-122.77601,-120.98601,0,0
-0.07983612,-0.16913374,-122.84885,-121.058846,0,0
-0.07382894,-0.16199757,-122.85256,-121.06256,0,0
-0.09391143,-0.14780885,-114.446945,-112.656944,0,0
-0.055154145,-0.12649386,-114.532074,-112.74207,0,0
-0.060821977,-0.16298166,-114.56425,-112.77425,0,0
-0.06277585,-0.20938917,-114.62078,-112.83078,0,0
-0.06373292,-0.14333913,-114.52944,-112.73944,0,0
-0.06654875,-0.078555085,-121.39298,-119.60298,0,0
-0.082719065,-0.09057802,-121.37126,-119.58126,0,0
-0.10003383,-0.19697912,-121.48856,-119.69856,0,0
-0.08423979,-0.17047375,-121.487526,-119.697525,0,0
-0.028361829,-0.16256475,-121.61301,-119.823006,0,0
-0.065859385,-0.11758026,-116.84066,-115.05066,0,0
-0.08084381,-0.09624452,-116.767136,-114.977135,0,0
-0.06442561,-0.13148355,-116.86484,-115.07484,0,0
-0.06877371,-0.19708095,-116.94754,-115.15754,0,0
-0.060294803,-0.21709058,-130.16551,-128.37552,0,0
-0.057720955,-0.15988791,-130.03568,-128.24568,0,0
-0.062055968,-0.11918191,-129.92621,-128.13622,0,0
-0.061111607,-0.094248965,-129.86961,-128.07962,0,0
-0.08057401,-0.10585989,-129.84178,-128.05179,0,0
-0.09314774,-0.15640076,-116.72498,-114.93498,0,0
-0.090077184,-0.18783711,-116.77247,-114.98247,0,0
-0.10761429,-0.16127646,-116.69476,-114.90476,0,0
-0.05252372,-0.122590914,-116.78416,-114.994156,0,0
-0.021023098,-0.1139642,-116.85208,-115.06208,0,0
-0.049630914,-0.10680192,-116.741554,-114.95155,0,0
-0.04011897,-0.16925636,-116.845955,-115.055954,0,0
-0.055910263,-0.19319667,-116.83656,-115.04656,0,0
-0.09271547,-0.18391897,-116.73067,-114.94067,0,0
-0.075206965,-0.17124696,-116.75908,-114.96908,0,0
-0.084154494,-0.11915564,-118.24494,-116.45494,0,0
-0.08443588,-0.13505979,-118.267815,-116.47781,0,0
-0.11071444,-0.14479387,-118.20941,-116.41941,0,0
-0.037166413,-0.168529,-118.4487,-116.6587,0,0
-0.07830403,-0.22065106,-118.412834,-116.62283,0,0
-0.10158767,-0.20489174,-115.775856,-113.985855,0,0
-0.058015577,-0.111705326,-115.771736,-113.981735,0,0
-0.00821349,-0.08737604,-115.884926,-114.094925,0,0
0.019804917,-0.14229177,-116.0477,-114.2577,0,0
9.121252E-05,-0.18592595,-116.052536,-114.262535,0,0
-0.022187846,-0.18898126,-123.15427,-121.364265,0,0
-0.045442972,-0.147327,-123.02962,-121.23962,0,0
-0.051009562,-0.11309202,-122.96091,-121.170906,0,0
-0.09660793,-0.13443537,-122.88218,-121.09218,0,0
-0.08819083,-0.11716969,-122.875404,-121.0854,0,0
-0.0510611,-0.13664803,-120.75201,-118.962006,0,0
-0.079156786,-0.17678036,-120.74098,-118.95098,0,0
-0.08561804,-0.16968879,-120.71319,-118.92319,0,0
-0.073248714,-0.11600603,-120.66253,-118.87253,0,0
-0.06404825,-0.087160565,-120.64207,-118.852066,0,0
-0.004339706,-0.12673451,-121.58838,-119.79838,0,0
-0.03201218,-0.18970867,-121.615974,-119.82597,0,0
-0.08122923,-0.19242394,-121.49703,-119.70703,0,0
-0.058194216,-0.16535552,-121.51319,-119.72319,0,0
-0.102014564,-0.12550138,-121.342735,-119.552734,0,0
-0.17023745,-0.18592606,-120.40563,-118.61563,0,0
-0.13814755,-0.16007829,-120.45215,-118.66215,0,0
-0.054586593,-0.098092645,-120.58076,-118.79076,0,0
-0.025848076,-0.115772694,-120.68748,-118.89748,0,0
-0.01175293,-0.18172415,-120.83267,-119.04267,0,0
-0.02157977,-0.22496422,-111.632866,-109.842865,0,0
-0.055253632,-0.17908539,-111.49799,-109.70799,0,0
-0.12869328,-0.16781871,-111.295135,-109.505135,0,0
-0.15830745,-0.174452,-111.22453,-109.43453,0,0
-0.17853779,-0.058537144,-111.0553,-109.2653,0,0
0.14242315,0.1656371,-122.27335,-120.48335,0,0
0.23467155,-0.022730466,-122.82863,-121.03863,0,0
0.060143787,-0.3273957,-122.88811,-121.09811,0,0
-0.09046678,-0.41836706,-122.641235,-120.851234,0,0
-0.16854447,-0.21994543,-117.7956,-116.0056,0,0
-0.2663589,-0.03050676,-117.285355,-115.49535,0,0
-0.2829287,-0.025780572,-117.236046,-115.446045,0,0
-0.25280982,-0.074789666,-117.37981,-115.589806,0,0
-0.13018523,-0.22723404,-117.90532,-116.11532,0,0
0.09632261,-0.33172256,-118.65755,-116.867546,0,0
0.15865403,-0.2104281,-118.64731,-116.85731,0,0
0.091742106,-0.070641905,-118.28795,-116.49795,0,0
0.06547458,0.041657683,-118.07085,-116.280846,0,0
0.049043845,0.0006791657,-118.0845,-116.2945,0,0
-0.02679355,-0.11434887,-118.2284,-116.4384,0,0
-0.13594145,-0.26900682,-118.16778,-116.37778,0,0
-0.20539623,-0.3249773,-118.07581,-116.28581,0,0
-0.1873014,-0.107769355,-117.85124,-116.06124,0,0
-0.12986594,-0.02223626,-117.879585,-116.089584,0,0
-0.09181002,-0.07799308,-120.410774,-118.62077,0,0
-0.01185397,-0.13208833,-120.72029,-118.93029,0,0
0.049314216,-0.19290307,-120.98945,-119.19945,0,0
0.06543907,-0.20072122,-121.04688,-119.25688,0,0
-0.027510855,-0.19118482,-121.77394,-119.98394,0,0
-0.095011674,-0.071068875,-121.44915,-119.65915,0,0
-0.087912396,0.034529574,-121.31787,-119.52787,0,0
-0.08068421,-0.06671406,-121.47594,-119.685936,0,0
-0.112441435,-0.26677546,-121.68581,-119.895805,0,0
-0.12697737,-0.37591478,-114.75283,-112.96283,0,0
-0.018904937,-0.17562714,-114.797035,-113.007034,0,0
0.010119364,-0.019363375,-114.67758,-112.88758,0,0
-0.02701524,-0.0077134916,-114.5599,-112.7699,0,0
-0.006446335,-0.1093931,-114.746605,-112.956604,0,0
0.009399009,-0.16167408,-118.17599,-116.38599,0,0
0.04795477,-0.2996971,-118.46712,-116.67712,0,0
0.038757976,-0.34384707,-118.50529,-116.71529,0,0
-0.08370422,-0.19886078,-117.986885,-116.196884,0,0
-0.07474475,0.000682632,-117.738266,-115.948265,0,0
-0.056838665,0.08894095,-120.98645,-119.19645,0,0
-0.05876427,-0.090761915,-121.2682,-119.4782,0,0
-0.027105356,-0.27101022,-121.64545,-119.855446,0,0
-0.018423941,-0.26145822,-121.65291,-119.86291,0,0
0.04258014,-0.17765948,-121.677605,-119.8876,0,0
0.023111382,-0.13436928,-117.147865,-115.357864,0,0
-0.050395805,-0.058305215,-116.83347,-115.04347,1,0
-0.036148008,-0.0015445232,-116.79312,-115.00312,1,0
-0.07503372,-0.109046586,-116.83631,-115.04631,1,0
-0.09147489,-0.33265257,-117.11112,-115.32112,1,0
-0.046474073,-0.34114543,-119.71931,-117.929306,1,0
-0.02112623,-0.09534787,-119.4399,-117.6499,1,0
-0.06835475,-0.017773494,-119.21871,-117.42871,1,0
-0.054804243,-0.06908913,-119.32176,-117.53176,1,0
-0.01332576,-0.12855068,-118.071976,-116.281975,1,0
0.023299916,-0.12565154,-118.16213,-116.37213,1,0
-0.01579939,-0.21591254,-118.185936,-116.395935,1,0
-0.11169471,-0.19856551,-117.91397,-116.12397,1,0
-0.114793375,-0.084041886,-117.749756,-115.959755,1,0
-0.08899343,-0.060633518,-119.15667,-117.36667,10,0
-0.06823109,-0.11602144,-119.287315,-117.497314,10,0
-0.037983228,-0.23357403,-119.531456,-117.741455,10,0
0.0012061397,-0.20951526,-119.59609,-117.80609,10,0
0.00681779,-0.1992987,-119.595604,-117.8056,10,0
0.0037703065,-0.20044334,-118.1879,-116.397896,10,0
0.039185755,-0.1313038,-118.18359,-116.39359,10,0
0.021852806,0.017010307,-117.9329,-116.1429,10,0
-0.04931214,0.0020255595,-117.7685,-115.9785,10,0
-0.06761596,-0.20990674,-118.01389,-116.22389,10,0
-0.12161031,-0.34166145,-121.62571,-119.83571,10,0
-0.066746116,-0.19056147,-121.53044,-119.74044,10,0
0.009400315,-0.12991504,-121.62745,-119.83745,10,0
0.04727863,-0.094868615,-121.66784,-119.87784,10,0
-0.028519131,-0.05888342,-121.4248,-119.634796,10,0
-0.05347537,-0.0924495,-122.18606,-120.39606,10,0
-0.016172545,-0.2607529,-122.57015,-120.78015,10,0
0.00081471197,-0.27038568,-122.63197,-120.84197,10,0
0.037661277,-0.098391555,-122.43812,-120.64812,10,0
0.035793986,-0.031441633,-122.32079,-120.53079,10,0
-0.03176851,-0.03989179,-122.26437,-120.47437,10,0
-0.059715666,-0.16863886,-122.3998,-120.6098,10,0
-0.097397104,-0.2521712,-122.43879,-120.64879,10,0
-0.09979935,-0.21515763,-122.37284,-120.58284,10,0
-0.10496377,-0.17927071,-115.61942,-113.82942,10,0
-0.07709617,-0.16769795,-115.689415,-113.899414,10,0
0.027743468,-0.14728355,-115.985985,-114.195984,10,0
0.08858672,-0.13428205,-116.155205,-114.365204,10,0
0.10150974,-0.20053922,-116.29675,-114.50675,10,0
0.42720962,-0.1787381,-118.34449,-116.55449,10,0
-0.1531606,-0.18389232,-116.75839,-114.96839,10,0
-0.27221856,-0.1925174,-116.43746,-114.64746,10,0
-0.14278913,-0.030093065,-116.57302,-114.78302,10,0
-0.3552831,-0.11438035,-116.09645,-114.30645,10,0
-0.32040325,-0.27370128,-112.86696,-111.07696,10,0
-0.09855365,-0.2643661,-113.48105,-111.69105,10,0
0.017468078,-0.22057727,-113.75177,-111.96177,10,0
0.05846395,-0.1218431,-113.74492,-111.95492,10,0
0.05207538,-0.05870633,-113.65062,-111.86062,10,0
0.0821308,-0.06304024,-117.23864,-115.44864,10,0
0.050145846,-0.12906513,-117.244225,-115.45422,10,0
-0.08734064,-0.24539144,-117.028595,-115.238594,10,0
-0.16837922,-0.28360933,-116.85639,-115.06639,10,0
-0.048872124,-0.1488114,-116.998795,-115.20879,10,0
0.19206536,-0.095444016,-116.31524,-114.52524,10,0
-0.23179133,-0.046673764,-115.08344,-113.29344,10,0
-0.15573148,-0.18561217,-115.47719,-113.68719,10,0
0.08681867,-0.18399802,-116.14663,-114.35663,10,0
0.40506735,-0.16929099,-116.99521,-115.20521,10,0
0.036552593,-0.14528707,-127.35281,-125.56281,10,0
-0.43989348,-0.08193284,-126.15287,-124.36287,10,0
-0.1532354,-0.06463469,-126.78372,-124.99372,10,0
-0.027143713,-0.10600539,-127.14116,-125.35116,10,0
-0.091461666,-0.19292583,-127.14453,-125.35453,10,0
-0.08220589,-0.2453349,-118.14391,-116.35391,10,0
-0.06891824,-0.16399212,-118.06964,-116.27964,10,0
-0.013380997,-0.009887301,-118.004715,-116.214714,10,0
0.025349693,-0.07736896,-118.1873,-116.3973,10,0
-0.010203044,-0.265228,-121.68097,-119.89097,10,0
-0.039333515,-0.22362314,-121.53529,-119.74529,10,0
-0.0420561,-0.15151371,-121.41072,-119.62072,10,0
-0.107221976,-0.17188185,-121.270226,-119.480225,10,0
-0.13274325,-0.21526442,-121.27236,-119.48236,10,0
-0.110200495,-0.16529204,-117.969604,-116.1796,10,0
0.01388837,-0.15299672,-118.25859,-116.46859,10,0
0.07258281,-0.19960277,-118.464005,-116.674,10,0
0.37713605,-0.27009043,-119.29969,-117.50969,10,0
0.7917609,-0.36435714,-120.42348,-118.63348,10,0
0.40801877,-0.11800907,-118.58577,-116.79577,10,0
-0.28456384,-0.08858629,-116.48295,-114.69295,10,0
-0.49301717,-0.28757232,-116.14513,-114.355125,10,0
-0.578864,-0.26362184,-115.84356,-114.05356,10,0
-0.4266965,-0.13454397,-116.11946,-114.32946,10,0
-0.07657974,-0.38479143,-114.966156,-113.176155,10,0
-0.07082482,-0.36350313,-114.95484,-113.16484,10,0
-0.23172796,0.091800205,-113.95763,-112.167625,10,0
-0.18550265,0.14213921,-114.02192,-112.23192,10,0
-0.06738806,-0.09401002,-114.62669,-112.83669,10,0
-0.14571476,-0.20829388,-120.54477,-118.75477,10,0
-0.10630052,-0.26145858,-120.736404,-118.9464,10,0
0.15568417,-0.3490546,-121.58275,-119.79275,10,0
0.05826425,-0.2991343,-121.24042,-119.45042,10,0
-0.046560276,-0.2115528,-120.81743,-119.02743,10,0
-0.08974495,-0.20386331,-125.5705,-123.7805,10,0
-0.059296593,-0.27912363,-125.766075,-123.976074,10,0
-0.023610553,-0.35462898,-125.975136,-124.185135,10,0
0.007632631,-0.287383,-125.934616,-124.144615,10,0
0.05112084,-0.07032607,-125.67459,-123.88459,10,0
0.018100936,0.001816672,-116.89142,-115.10142,10,0
0.037136763,-0.374046,-117.39639,-115.60639,10,0
0.022504319,-0.47874635,-117.49201,-115.70201,10,0
-0.059283853,-0.3695001,-117.15892,-115.36892,10,0
-0.11687339,-0.09321841,-122.65793,-120.86793,10,0
-0.18715398,-0.109471165,-122.50155,-120.71155,10,0
-0.21129099,-0.19380121,-122.579056,-120.789055,10,0
-0.15366141,-0.2961037,-122.90295,-121.112946,10,0
-0.040208235,-0.3365097,-123.26896,-121.47896,10,0
-0.12506497,-0.41577718,-121.81517,-120.02517,10,0
-0.14598121,-0.14223751,-121.36233,-119.57233,10,0
-0.31106317,-0.05939672,-120.847275,-119.057274,10,0
-0.8872115,-0.23146562,-119.68084,-117.89084,10,0
-1.3568398,-0.3869389,-118.70915,-116.91915,10,0
-1.4473304,-0.34458584,-131.34209,-129.5521,10,0
-2.4968188,-0.19808578,-127.97448,-126.18448,10,0
-4.5216675,-0.091734685,-121.12534,-119.33534,10,0
-5.712777,-0.29354355,-117.10134,-115.31134,10,0
-6.5945134,-0.49592435,-113.903366,-112.113365,10,0
-7.56872,-0.43044177,-101.98222,-100.19222,10,0
-8.366084,-0.3379808,-97.09744,-95.30744,10,0
-8.74519,-0.23709524,-94.74837,-92.95837,10,0
-10.214661,-0.26831385,-85.77827,-83.988266,10,0
-11.565641,-0.52235657,-23.2459,-21.455898,10,0
-12.19253,-0.5525885,-20.33632,-18.546322,10,0
-12.435672,-0.51235205,-19.862999,-18.072998,10,0
-12.794532,-0.4900428,-18.90126,-17.11126,10,0
-12.989808,-0.40450755,-19.063728,-17.273727,10,0
-13.31474,-0.3988929,-1.3094904,0.48050952,10,0
-14.329794,-0.42242876,-0.9951862,0.79481375,10,0
-14.779429,-0.4037463,-1.0651252,0.72487473,10,0
-14.854171,-0.4278746,-0.9031191,0.8868809,10,0
-14.849829,-0.42527515,-0.920069,0.869931,10,0
-15.661094,-0.5162011,20.569921,22.35992,10,0
-16.193851,-0.49231896,19.400494,21.190495,10,0
-16.826696,-0.5610897,18.642763,20.432762,10,0
-16.979963,-0.580457,18.485865,20.275864,10,0
-17.251741,-0.52430093,17.776516,19.566517,10,0
-17.529974,-0.4450809,41.099613,42.889614,10,0
-17.697626,-0.45930463,40.657448,42.44745,10,0
-18.15974,-0.5079345,39.52019,41.310192,10,0
-18.55016,-0.5085551,38.471844,40.261845,10,0
-19.056332,-0.5224879,31.40058,33.19058,10,0
-19.361382,-0.5165606,30.753517,32.543518,10,0
-19.533728,-0.4824658,30.290575,32.080574,10,0
-19.756594,-0.48216486,29.856932,31.64693,10,0
-20.27366,-0.520817,29.02826,30.81826,10,0
-20.674728,-0.5592151,36.310898,38.1009,10,0
-20.582422,-0.5565195,36.517715,38.307716,10,0
-20.352133,-0.58329284,37.155415,38.945415,10,0
-20.442299,-0.5114844,36.69919,38.48919,10,0
-20.551165,-0.50108063,36.406567,38.196568,10,0
-20.7331,-0.5220625,37.33803,39.128033,10,0
-21.40399,-0.5106381,36.096233,37.886234,10,0
-21.43254,-0.5229981,36.078396,37.868397,10,0
-21.247667,-0.5492157,36.47275,38.262753,10,0
-20.966934,-0.5621879,37.01249,38.80249,10,0
-21.51451,-0.5877204,33.089607,34.87961,10,0
-22.174356,-0.5444603,31.66451,33.45451,10,0
-21.61727,-0.5138788,32.64274,34.43274,10,0
-21.558586,-0.5430626,32.855263,34.645264,10,0
-21.577131,-0.55525,32.857742,34.647743,10,0
-21.711477,-0.58531225,32.960316,34.750317,10,0
-21.926912,-0.57821697,32.56436,34.354362,10,0
-21.694653,-0.5642595,32.928986,34.718987,10,0
-21.043158,-0.51239383,33.96256,35.75256,10,0
-19.682121,-0.4345877,36.46694,38.256943,10,0
-18.76477,-0.4969809,26.32581,28.11581,10,0
-17.505135,-0.6393814,30.39366,32.18366,10,0
-17.046865,-0.6263313,31.755568,33.545567,10,0
-15.779849,-0.41082183,35.17243,36.96243,10,0
-14.18512,-0.33254313,42.424118,44.21412,10,0
-13.692591,-0.35632035,29.598873,31.388874,10,0
-13.098965,-0.44725716,33.685303,35.475304,10,0
-12.996429,-0.4552904,34.39378,36.18378,10,0
-12.037139,-0.39287513,40.886497,42.6765,10,0
-11.778463,-0.3509203,-45.088264,-43.298264,10,0
-11.710922,-0.4343508,-44.959053,-43.169052,10,0
-11.1231985,-0.39584392,-50.408676,-48.618675,10,0
-10.40562,-0.34618935,-58.264076,-56.474075,10,0
-9.641178,-0.1396958,-68.894165,-67.104164,10,0
-9.288776,-0.22343792,-84.88413,-83.09413,10,0
-8.011214,-0.3404946,-93.623,-91.833,10,0
-5.5328946,-0.11839851,-109.479904,-107.6899,10,0
-3.7346911,0.11445488,-118.82024,-117.030235,10,0
0.10246363,-0.06900427,-135.213,-133.423,10,0
2.0479143,-0.16765521,-131.50696,-129.71696,10,0
1.0393815,0.07154708,-128.5895,-126.79949,10,0
-0.28996024,-0.9497667,-127.18069,-125.390686,10,0
-1.3878986,-0.824618,-123.7002,-121.9102,10,0
-0.9879849,-0.39245248,-124.03722,-122.247215,10,0
-0.025778532,-0.21693544,-124.35717,-122.56717,10,0
0.49171257,-0.19281581,-125.440414,-123.65041,10,0
0.6326992,-0.22512656,-125.78933,-123.99933,10,0
0.75765496,-0.13603126,-125.91586,-124.12586,10,0
1.3263952,-0.13507672,-127.087746,-125.297745,10,0
1.4974445,-0.097411565,-115.2619,-113.4719,10,0
1.6219348,-0.036006372,-115.48484,-113.69484,10,0
2.437948,-0.10543143,-117.45097,-115.66097,10,0
3.1263757,-0.122554846,-119.012115,-117.222115,10,0
5.861654,0.048326902,-124.41673,-122.62673,10,0
10.010903,-0.15101317,-127.732735,-125.94273,10,0
10.806088,-0.25395066,-128.82591,-127.03591,10,0
10.484257,-0.20775473,-128.38174,-126.59174,10,0
11.791496,-0.13952005,-129.86133,-128.07133,10,0
12.577463,0.009556209,-130.58525,-128.79526,10,0
12.689241,0.0015360927,-123.636314,-121.84631,10,0
14.296093,-0.1027661,-125.505,-123.715,10,0
15.046274,-0.093621,-126.28906,-124.49906,10,0
15.215323,-0.04281641,-126.414085,-124.624084,10,0
15.833114,-0.10457232,-127.11009,-125.32009,10,0
16.844507,-0.10498457,-129.74998,-127.959984,10,0
17.41645,-0.12504168,-130.29805,-128.50806,10,0
17.715237,-0.12816516,-130.57248,-128.78249,10,0
17.85315,-0.123434216,-130.69173,-128.90173,10,0
17.787298,-0.113977015,-130.4213,-128.6313,10,0
18.243511,-0.08221187,-130.7557,-128.96571,10,0
19.06483,-0.047828093,-131.3649,-129.5749,10,0
19.618332,-0.14018953,-131.87735,-130.08736,10,0
19.943867,-0.117982544,-132.10059,-130.3106,10,0
19.859161,-0.059689566,-129.67049,-127.880486,10,0
20.17586,-0.14385346,-129.97194,-128.18195,10,0
20.462753,-0.22846377,-130.25114,-128.46115,10,0
21.085785,-0.2240179,-130.68074,-128.89075,10,0
21.471207,-0.16074148,-130.88669,-129.0967,10,0
21.738253,-0.18579261,-130.21753,-128.42754,10,0
22.202312,-0.20737942,-130.56303,-128.77304,10,0
22.57646,-0.20080577,-130.81577,-129.02577,10,0
22.75929,-0.18510032,-130.9264,-129.13641,10,0
22.56665,-0.20047584,-130.8087,-129.0187,10,0
22.52022,-0.19524309,-129.79172,-128.00172,10,0
22.981888,-0.20400615,-130.1005,-128.3105,10,0
23.106728,-0.17863649,-130.15846,-128.36847,10,0
23.057215,-0.19606823,-130.14209,-128.3521,10,0
22.730257,-0.20206493,-129.93527,-128.14528,10,0
21.970707,-0.29950288,-125.98314,-124.19314,10,0
21.668139,-0.26934066,-125.74259,-123.95259,10,0
21.679995,-0.12280727,-125.62724,-123.83724,10,0
22.10539,-0.14155036,-125.94393,-124.15393,10,0
22.06341,-0.21413937,-128.64296,-126.85296,10,0
22.420523,-0.24765311,-128.92952,-127.13952,10,0
22.191565,-0.23525634,-128.7544,-126.96439,10,0
22.028454,-0.22943906,-128.63167,-126.84167,10,0
22.078127,-0.20307924,-128.6435,-126.85349,10,0
22.004007,-0.20520747,-130.2538,-128.4638,10,0
22.324757,-0.25313032,-130.50664,-128.71664,10,0
22.909534,-0.21956138,-130.85391,-129.06392,10,0
22.753626,-0.22500233,-130.75891,-128.96892,10,0
22.967468,-0.19474375,-130.8686,-129.07861,10,0
23.39504,-0.18097046,-129.0965,-127.306496,10,0
23.608389,-0.27533093,-129.30655,-127.51655,10,0
23.25885,-0.3043533,-129.11841,-127.32841,10,0
23.791595,-0.1737131,-129.33026,-127.54026,10,0
23.991634,0.0064331107,-129.29633,-127.506325,10,0
24.271385,0.027898053,-127.87598,-126.085976,10,0
25.90086,-0.30797264,-129.03915,-127.24915,10,0
26.383484,-0.4786072,-129.43642,-127.646416,10,0
24.9644,-0.40285727,-128.61015,-126.82015,10,0
25.359787,-0.3443611,-128.77808,-126.988075,10,0
26.298363,-0.3595707,-127.60311,-125.81311,10,0
26.596243,-0.38522235,-127.78795,-125.99795,10,0
26.543423,-0.31310424,-127.69947,-125.90947,10,0
27.53168,-0.29367942,-128.2162,-126.4262,10,0
28.051704,-0.36663327,-128.55125,-126.76125,10,0
27.806206,-0.40164685,-126.396286,-124.606285,10,0
28.140032,-0.37371075,-126.56244,-124.77244,10,0
28.330368,-0.37689647,-126.67237,-124.88237,10,0
28.252304,-0.33087078,-126.589714,-124.79971,10,0
28.026531,-0.36586982,-126.49159,-124.70159,10,0
27.049143,-0.3697528,-127.75467,-125.96467,10,0
28.113354,-0.41661608,-128.3635,-126.573494,10,0
30.184872,-0.6082657,-129.58456,-127.79456,10,0
30.859472,-0.5589741,-129.8727,-128.0827,10,0
30.32054,-0.44951123,-129.51566,-127.725655,10,0
29.53695,-0.4295437,-128.13121,-126.34121,10,0
29.045424,-0.39865613,-127.86027,-126.07027,10,0
29.81925,-0.50865823,-128.33647,-126.54647,10,0
30.560766,-0.4911467,-128.6823,-126.892296,10,0
30.518867,-0.5801915,-128.73695,-126.94695,10,0
30.110586,-0.59304905,-129.30043,-127.51043,10,0
29.61407,-0.5996821,-129.03613,-127.24613,10,0
29.531355,-0.64842045,-129.03365,-127.243645,10,0
29.256151,-0.5807068,-128.82213,-127.03213,10,0
28.969473,-0.6324019,-128.70781,-126.91781,10,0
28.984407,-0.64710885,-128.40092,-126.61092,10,0
29.02036,-0.5969044,-128.37718,-126.58718,10,0
28.913063,-0.60457826,-128.32866,-126.53866,10,0
28.56587,-0.57988113,-128.12894,-126.338936,10,0
28.84532,-0.6487838,-128.33093,-126.54093,10,0
28.437595,-0.62072396,-126.20558,-124.41558,10,0
27.969507,-0.5264232,-125.869255,-124.079254,10,0
27.838251,-0.5189145,-125.79005,-124.000046,10,0
27.93111,-0.56245023,-125.8776,-124.0876,10,0
27.664984,-0.6295632,-125.784134,-123.99413,10,0
26.944218,-0.67027277,-127.94742,-126.15742,10,0
26.179428,-0.6152116,-127.477844,-125.68784,10,0
25.945942,-0.6953571,-127.4127,-125.622696,10,0
25.54089,-0.6688582,-127.16067,-125.37067,10,0
25.014645,-0.67074555,-129.01509,-127.22509,10,0
24.04009,-0.63259053,-128.30225,-126.512245,10,0
23.383217,-0.67256856,-127.87012,-126.08012,10,0
23.04825,-0.65161604,-127.608284,-125.81828,10,0
22.829334,-0.72958624,-127.51896,-125.72896,10,0
22.264462,-0.8121602,-130.11092,-128.32092,10,0
20.672525,-0.6917739,-128.83475,-127.04475,10,0
19.966127,-0.69155127,-128.29851,-126.50851,10,0
19.51234,-0.6032977,-127.86775,-126.07775,10,0
19.242035,-0.59367293,-127.64792,-125.85792,10,0
19.246822,-0.61663586,-128.81335,-127.02335,10,0
18.868858,-0.6737519,-128.54031,-126.75031,10,0
18.470457,-0.74933445,-128.2626,-126.4726,10,0
17.663706,-0.69604343,-127.48279,-125.69279,10,0
16.862022,-0.60783494,-126.655365,-124.865364,10,0
17.047731,-0.6479984,-132.01392,-130.22392,10,0
16.784641,-0.6888707,-131.835,-130.04501,10,0
16.553347,-0.75691134,-131.70825,-129.91826,10,0
15.6540985,-0.68724287,-130.8625,-129.07251,10,0
14.328044,-0.5186057,-129.50595,-127.71595,10,0
14.44341,-0.58271885,-127.5827,-125.7927,10,0
15.5810585,-0.7482288,-128.91013,-127.120125,10,0
16.030342,-0.71189415,-129.31616,-127.52616,10,0
15.615334,-0.6868653,-128.8803,-127.090294,10,0
14.985977,-0.6397522,-128.19838,-126.40838,10,0
14.774732,-0.7188208,-131.97026,-130.18027,10,0
13.985763,-0.69165325,-131.20544,-129.41545,10,0
13.911623,-0.67598736,-131.11876,-129.32877,10,0
13.773505,-0.6711795,-130.98221,-129.19221,10,0
13.082588,-0.6713783,-130.31409,-128.5241,10,0
12.293974,-0.6824357,-130.0413,-128.25131,10,0
11.045614,-0.5232624,-128.40771,-126.617714,10,0
10.942261,-0.5972564,-128.36707,-126.577065,10,0
10.86212,-0.6435418,-128.32274,-126.53274,10,0
10.459785,-0.6533504,-126.08352,-124.29352,10,0
9.797259,-0.5725905,-125.07963,-123.28963,10,0
9.679384,-0.5485911,-124.88789,-123.09789,10,0
9.525676,-0.5673894,-124.69335,-122.90335,10,0
8.9936495,-0.5897244,-123.96105,-122.17105,10,0
8.378248,-0.5290336,-130.92352,-129.13353,10,0
7.918181,-0.5211624,-130.2428,-128.4528,10,0
7.6060543,-0.5530682,-129.82324,-128.03325,10,0
7.455722,-0.56633025,-129.61563,-127.82563,10,0
7.1492705,-0.52152735,-129.08928,-127.29928,10,0
6.462196,-0.46314994,-127.397675,-125.60767,10,0
6.0739136,-0.47554678,-126.77902,-124.98902,10,0
5.9077177,-0.52954274,-126.57529,-124.785286,10,0
5.8490667,-0.5750642,-126.53809,-124.74809,10,0
5.2097054,-0.53059226,-125.39372,-123.60372,10,0
4.453841,-0.41868705,-126.97919,-125.189186,10,0
4.1564155,-0.35920972,-126.31526,-124.52526,10,0
4.575446,-0.4326537,-127.2327,-125.442696,10,0
5.312074,-0.5446359,-128.78093,-126.99093,10,0
5.4859624,-0.54304683,-129.09535,-127.30535,10,0
5.2034388,-0.56892335,-130.64883,-128.85884,10,0
4.474678,-0.49204725,-129.26254,-127.47254,10,0
4.188218,-0.46020302,-128.70187,-126.91187,10,0
4.113099,-0.44808635,-128.54791,-126.75791,10,0
4.003727,-0.45099837,-128.35382,-126.56382,10,0
3.8069205,-0.5199077,-129.36604,-127.57604,10,0
3.3868723,-0.5017584,-128.55705,-126.76705,10,0
2.822184,-0.4382304,-127.38061,-125.59061,10,0
2.5956526,-0.41038528,-126.896225,-125.106224,10,0
2.0813048,-0.40059334,-128.61818,-126.82818,10,0
1.6100166,-0.44559437,-127.59599,-125.80599,10,0
1.4068877,-0.45989513,-127.13442,-125.34442,10,0
1.4211951,-0.53685033,-127.31246,-125.52246,10,0
1.4497234,-0.57500684,-127.453026,-125.663025,10,0
1.1488414,-0.4295282,-120.60013,-118.81013,10,0
1.1441193,-0.32097867,-120.423615,-118.63361,10,0
1.9186857,-0.37028506,-122.42248,-120.63248,10,0
2.0018008,-0.43459043,-122.72605,-120.93605,10,0
1.5753113,-0.44697192,-121.69903,-119.90903,10,0
0.97273713,-0.4248938,-126.42658,-124.63658,10,0
0.8307731,-0.41371596,-126.08611,-124.29611,10,0
1.0209763,-0.42392105,-126.53362,-124.74362,10,0
1.0330832,-0.40889126,-126.53555,-124.74555,10,0
0.96141326,-0.41627324,-126.38653,-124.59653,10,0
0.7825176,-0.43656507,-122.68632,-120.89632,10,0
0.6563819,-0.41163644,-122.27126,-120.48126,10,0
0.60262334,-0.46954134,-122.22124,-120.43124,10,0
0.52651525,-0.49294683,-122.039856,-120.249855,10,0
0.5127505,-0.502423,-122.016685,-120.226685,10,0
0.46837142,-0.35959578,-118.72391,-116.93391,10,0
0.49771187,-0.3220429,-118.74732,-116.95732,10,0
0.40160084,-0.40247202,-118.606224,-116.81622,10,0
0.36057553,-0.45593274,-118.57405,-116.78405,10,0
0.356385,-0.41950083,-118.50802,-116.71802,10,0
0.34466785,-0.40989703,-122.195496,-120.405495,10,0
0.36921588,-0.4166612,-122.27049,-120.48049,10,0
0.29904896,-0.40906227,-122.0752,-120.2852,10,0
0.25356355,-0.4050598,-121.94976,-120.15976,10,0
0.19496636,-0.42319912,-121.82577,-120.03577,10,0
0.20812932,-0.42753386,-124.085014,-122.29501,10,0
0.18093024,-0.37968537,-123.93392,-122.14392,10,0
0.1059043,-0.3572886,-123.70492,-121.91492,10,0
0.0024762736,-0.3762218,-123.472595,-121.682594,10,0
0.15648802,-0.32978916,-123.786766,-121.996765,10,0
0.44533515,-0.3662266,-127.54026,-125.75026,10,0
0.67862093,-0.3825983,-128.23383,-126.443825,10,0
0.43747428,-0.46913856,-127.74476,-125.95476,10,0
-1.0480778,-0.27703023,-122.85299,-121.06299,10,0
-2.014628,-0.3889528,-119.88155,-118.09155,10,0
-3.1738822,-0.43161294,-116.664505,-114.874504,10,0
-5.434206,-0.25921836,-104.224785,-102.434784,10,0
-6.4137707,-0.28096956,-98.517685,-96.727684,10,0
-7.064569,-0.3662871,-94.63126,-92.84126,10,0
-7.3556314,-0.3088725,-92.836334,-91.04633,10,0
-7.7363057,-0.23256353,-80.508575,-78.718575,10,0
-8.271887,-0.25904733,-72.46479,-70.67479,10,0
-9.344627,-0.35007715,-57.904015,-56.114014,10,0
-10.219342,-0.4799142,-47.77682,-45.98682,10,0
-11.073971,-0.546928,-40.25936,-38.46936,10,0
-11.447941,-0.47425255,-36.794113,-35.004112,10,0
-12.046333,-0.4611885,-32.927002,-31.137001,10,0
-12.058146,-0.48093808,-32.67158,-30.88158,10,0
-11.98141,-0.43217814,-33.59425,-31.804249,10,0
-12.500248,-0.34924203,-31.366144,-29.576145,10,0
-13.668723,-0.3625908,41.726765,43.516766,10,0
-14.559213,-0.46524304,35.04477,36.83477,10,0
-14.531513,-0.5398902,36.02744,37.81744,10,0
-15.550479,-0.50871676,29.271708,31.061707,10,0
-17.08224,-0.4706033,36.653008,38.44301,10,0
-17.839329,-0.5505483,34.973595,36.763596,10,0
-18.15835,-0.5681618,34.258305,36.048306,10,0
-18.61951,-0.5331338,33.05803,34.84803,10,0
-18.825542,-0.5372866,32.61356,34.40356,10,0
-18.830046,-0.69157135,34.386158,36.17616,10,0
-19.826778,-0.7137728,32.47482,34.26482,10,0
-20.191326,-0.7532194,31.92302,33.71302,10,0
-21.057121,-0.63130903,30.05424,31.844238,10,0
-21.709953,-0.48952693,28.59552,30.38552,10,0
-21.491343,-0.6554813,44.616753,46.406754,10,0
-21.91655,-0.76424176,43.99317,45.783173,10,0
-24.734177,-0.45535624,38.14961,39.93961,10,0
-26.214783,-0.57263654,36.13923,37.92923,10,0
-26.95019,-0.69938326,35.376625,37.166626,10,0
-28.12591,-0.38835335,40.144447,41.93445,10,0
-28.486507,-0.41628844,39.750942,41.540943,10,0
-28.888603,-0.37348583,39.19273,40.98273,10,0
-29.062544,-0.43079412,39.087803,40.877804,10,0
-29.308947,-0.38031685,38.711903,40.501904,10,0
-29.526455,-0.39398032,42.380737,44.17074,10,0
-29.915066,-0.502025,42.08906,43.879063,10,0
-29.823158,-0.5923562,42.34822,44.13822,10,0
-29.696878,-0.60203576,42.516823,44.306824,10,0
-29.12732,-0.6295296,43.263752,45.053753,10,0
-29.103094,-0.6882482,41.60649,43.396492,10,0
-29.103521,-0.65398437,41.545273,43.335274,10,0
-28.493292,-0.65072274,42.34912,44.139122,10,0
-27.971827,-0.6434291,43.051094,44.841095,10,0
-26.997753,-0.62745863,44.417572,46.207573,10,0
-26.61143,-0.6448344,38.21032,40.00032,10,0
-26.115292,-0.63007474,38.841404,40.631405,10,0
-25.74238,-0.7124284,39.51208,41.302082,10,0
-25.236935,-0.72720516,40.25312,42.04312,10,0
-25.003353,-0.7180444,33.82077,35.61077,10,0
-23.980553,-0.65446246,35.18179,36.97179,10,0
-22.934397,-0.5226467,36.538486,38.328487,10,0
-22.561096,-0.49473017,37.102722,38.892723,10,0
-22.208416,-0.5304275,37.808743,39.598743,10,0
-22.008377,-0.6073893,31.283749,33.07375,10,0
-21.320621,-0.6346059,32.644985,34.434986,10,0
-19.45703,-0.54103476,36.320526,38.110527,10,0
-18.26208,-0.5137427,39.26026,41.050262,10,0
-17.377092,-0.5285184,41.852688,43.64269,10,0
-16.689846,-0.5067079,43.944504,45.734505,10,0
-16.358212,-0.5209998,22.642649,24.432648,10,0
-15.367882,-0.48105055,25.117228,26.907227,10,0
-14.053873,-0.52845377,30.180246,31.970245,10,0
-13.33228,-0.5070975,33.378304,35.168304,10,0
-13.024428,-0.4854694,34.847717,36.63772,10,0
-12.774688,-0.44033992,-1.1689214,0.6210786,10,0
-12.633243,-0.39504007,-1.5928783,0.19712162,10,0
-12.230862,-0.45908314,-1.0971503,0.69284964,10,0
-11.251959,-0.5279075,-0.53772986,1.2522701,10,0
-10.2768755,-0.48623958,-1.2397643,0.5502356,10,0
-10.035907,-0.42294118,-51.481934,-49.691933,10,0
-9.727414,-0.40801737,-54.804092,-53.01409,10,0
-9.628056,-0.45269692,-55.55193,-53.76193,10,0
-9.589907,-0.47367135,-55.818398,-54.028397,10,0
-9.595859,-0.39555565,-56.346962,-54.55696,10,0
-9.183137,-0.36373073,-85.68022,-83.89022,10,0
-8.328135,-0.3982925,-92.85815,-91.068146,10,0
-7.538845,-0.48309353,-99.53991,-97.74991,10,0
-7.2680073,-0.39764664,-101.642456,-99.852455,10,0
-7.3067265,-0.37339872,-101.29288,-99.50288,10,0
-6.78501,-0.38409686,-106.49153,-104.70153,10,0
-5.1541843,-0.33789968,-115.17344,-113.38344,10,0
-4.363259,-0.27750415,-118.87376,-117.083755,10,0
-3.7762325,-0.27565145,-121.54331,-119.75331,10,0
-3.6309402,-0.334426,-112.98016,-111.19016,10,0
-2.9838185,-0.39754522,-115.30198,-113.51198,10,0
-1.6219766,-0.43832034,-119.801,-118.011,10,0
-0.32443467,-0.40087122,-123.60886,-121.818855,10,0
0.65659213,-0.34887877,-126.2146,-124.4246,10,0
0.03705859,-0.34991664,-122.790276,-121.000275,10,0
-0.2647267,-0.32798183,-121.89674,-120.10674,10,0
-0.1758816,-0.3536422,-122.1957,-120.4057,10,0
-0.120729364,-0.3042774,-122.26398,-120.473976,10,0
-0.04761148,-0.26861596,-122.406555,-120.616554,10,0
-0.056287006,-0.30484593,-121.760414,-119.97041,10,0
-0.06070151,-0.35320494,-121.823555,-120.033554,10,0
0.0872494,-0.31902716,-122.13537,-120.34537,10,0
0.11170091,-0.292855,-122.154915,-120.364914,10,0
0.06548756,-0.3630945,-122.14997,-120.35997,10,0
0.048461337,-0.35229012,-119.92222,-118.13222,10,0
0.080552846,-0.30279526,-119.93127,-118.141266,10,0
0.11503133,-0.2608318,-119.95716,-118.16716,10,0
0.09201235,-0.30542594,-119.96402,-118.17402,10,0
0.08724484,-0.35948598,-120.030876,-118.240875,10,0
0.030159311,-0.3619654,-123.58912,-121.79912,10,0
0.14310756,-0.34515294,-123.836136,-122.046135,10,0
0.18938245,-0.35253912,-123.95997,-122.16997,10,0
0.11738518,-0.3206422,-123.73412,-121.94412,10,0
0.114459515,-0.33490282,-123.75013,-121.96013,10,0
0.1520462,-0.35134473,-115.52445,-113.73445,10,0
0.15844005,-0.39314958,-115.597046,-113.807045,10,0
0.15609573,-0.40567896,-115.60714,-113.81714,10,0
0.07568525,-0.35444212,-115.31851,-113.52851,10,0
0.1104521,-0.30280817,-115.34682,-113.556816,10,0
0.1812788,-0.29997015,-124.42814,-122.63814,10,0
0.1651752,-0.3628283,-124.49018,-122.70018,10,0
0.13527185,-0.3621113,-124.42047,-122.63047,10,0
0.12013203,-0.41990802,-124.47692,-122.68692,10,0
0.16526188,-0.36611754,-124.49558,-122.70558,10,0
0.21068761,-0.30832678,-127.99608,-126.20608,10,0
0.21166892,-0.31225377,-128.00546,-126.21546,10,0
0.14708045,-0.39620262,-128.00807,-126.21807,10,0
0.18938133,-0.42130777,-128.15224,-126.362236,10,0
0.32564747,-0.40074638,-128.42953,-126.639534,10,0
0.28935573,-0.37406927,-125.20401,-123.41401,10,0
0.23054443,-0.3829707,-125.04837,-123.25837,10,0
0.21495044,-0.38941717,-125.015495,-123.225494,10,0
0.2974423,-0.4170914,-125.31805,-123.528046,10,0
0.34432977,-0.4224013,-125.46762,-123.67762,10,0
0.30313295,-0.45690036,-120.67865,-118.88865,10,0
0.30219695,-0.57588047,-120.8664,-119.0764,10,0
0.29032227,-0.5293108,-120.759865,-118.969864,10,0
0.2990343,-0.2835439,-120.39446,-118.60446,10,0
0.22768459,-0.12645037,-119.96203,-118.17203,10,0
0.32144907,0.016198298,-123.53561,-121.745605,10,0
0.34640855,-0.32310393,-124.20852,-122.41852,10,0
0.3802002,-0.5279021,-124.675224,-122.88522,10,0
0.3136803,-0.56820273,-124.57164,-122.78164,10,0
0.21814582,-0.4530966,-120.45861,-118.66861,10,0
0.21183933,-0.24634072,-120.12319,-118.33319,10,0
0.19519855,-0.1512478,-119.93517,-118.14517,10,0
0.18950205,-0.24257,-120.0588,-118.2688,10,0
0.08596346,-0.45831484,-120.11607,-118.32607,10,0
0.16702285,-0.51478153,-122.60916,-120.81916,10,0
0.25346926,-0.36862567,-122.59091,-120.80091,10,0
0.22026229,-0.30010575,-122.39776,-120.60776,10,0
0.24238569,-0.26940274,-122.40424,-120.61424,10,0
0.22779009,-0.21235023,-122.27707,-120.48707,10,0
0.27942315,-0.31423378,-119.4811,-117.6911,10,0
0.21301952,-0.42298898,-119.46714,-117.67714,10,0
0.18275782,-0.36406198,-119.28087,-117.49087,10,0
0.19853169,-0.3071797,-119.233574,-117.44357,10,0
0.19270848,-0.24310435,-119.111916,-117.321915,5,0
0.18992169,-0.2853347,-122.34238,-120.552376,5,0
0.10775085,-0.45067614,-122.41016,-120.620155,5,0
0.1345256,-0.40407947,-122.40169,-120.61169,5,0
0.19850735,-0.31205332,-122.417915,-120.627914,5,0
0.23721814,-0.27220073,-122.45723,-120.66723,5,0
0.30333063,-0.32351744,-125.183914,-123.39391,5,0
0.26131472,-0.37441355,-125.166824,-123.37682,5,0
0.16401508,-0.3772307,-124.89626,-123.10626,5,0
0.132782,-0.39366442,-124.83989,-123.04989,5,0
0.18514447,-0.33924353,-124.88091,-123.09091,50,0
0.119957745,-0.26160926,-118.68389,-116.89389,50,0
0.12616897,-0.32564172,-118.7836,-116.9936,50,0
0.05504943,-0.28066143,-118.55244,-116.762436,50,0
0.20353913,-0.3776824,-119.03944,-117.249435,50,0
0.25163615,-0.37320474,-119.14907,-117.35907,50,0
0.2140274,-0.36644423,-121.734406,-119.944405,50,0
0.13897802,-0.30158612,-121.41817,-119.62817,50,0
0.07659075,-0.26863456,-121.190834,-119.40083,50,0
0.054157447,-0.22473432,-121.055664,-119.26566,50,0
0.1551409,-0.39931163,-121.62821,-119.83821,50,0
0.14132741,-0.42365488,-116.73162,-114.94162,50,0
0.18496186,-0.48831937,-116.924194,-115.13419,50,0
0.24848181,-0.4857583,-117.08075,-115.29075,50,0
0.32526022,-0.3838967,-117.1419,-115.3519,50,0
0.4035979,-0.31164828,-117.24391,-115.45391,50,0
0.08082106,0.16188711,-115.85774,-114.06774,50,0
0.1679539,-0.15709892,-122.062035,-120.27203,50,0
0.21478456,-0.4901408,-122.70211,-120.91211,50,0
0.13058332,-0.5720509,-122.62329,-120.83329,50,0
0.055464923,-0.6096024,-122.49492,-120.70492,50,0
-0.03160348,-0.53285795,-122.15289,-120.36289,50,0
-0.063955314,-0.21237382,-126.671715,-124.881714,50,0
0.057597943,-0.027904384,-126.63051,-124.84051,50,0
0.11319736,-0.20358476,-127.11952,-125.32952,50,0
0.24854979,-0.57574314,-128.22253,-126.43253,50,0
0.42004612,-0.75082344,-129.03084,-127.24084,50,0
0.5926563,-0.5750287,-122.363686,-120.573685,50,0
0.4554566,-0.46095857,-121.789474,-119.99947,50,0
0.31023347,-0.41048285,-121.302246,-119.512245,50,0
0.28102937,-0.67920524,-121.68125,-119.89125,50,0
0.23450579,-0.6615243,-121.52002,-119.73002,50,0
-0.20132339,0.107425004,-125.38208,-123.59208,50,0
-0.08875568,-0.1889439,-126.241295,-124.451294,50,0
-0.029691903,-0.2629623,-126.54021,-124.750206,50,0
0.0072517022,-0.24444126,-126.601105,-124.811104,50,0
0.08432211,-0.3501142,-127.00973,-125.21973,50,0
0.15108785,-0.47404978,-121.80965,-120.019646,50,0
0.18781704,-0.40347347,-121.79122,-120.00122,50,0
0.16366991,-0.30515468,-121.57188,-119.781876,50,0
0.12020468,-0.34729153,-121.5265,-119.736496,50,0
0.0490729,-0.49145216,-121.57193,-119.78193,50,0
0.02252782,-0.46691963,-121.46318,-119.67318,50,0
0.11834306,-0.22439502,-121.3273,-119.5373,50,0
0.13124286,-0.14788778,-121.24062,-119.45062,50,0
0.09651243,-0.26685512,-121.33776,-119.54776,50,0
0.19363132,-0.37529966,-121.76107,-119.97107,50,0
0.21564105,-0.38883644,-121.83956,-120.04956,50,0
0.20081724,-0.30709133,-123.84275,-122.05275,50,0
0.09907644,-0.24880348,-123.48056,-121.69056,50,0
0.0038473895,-0.1734005,-123.1061,-121.3161,50,0
-0.050867032,-0.25375336,-123.10002,-121.31002,50,0
-0.050735258,-0.40944248,-123.36675,-121.57675,50,0
-0.042999808,-0.4269303,-120.67868,-118.88868,50,0
0.045644358,-0.33896568,-120.76203,-118.97203,50,0
0.12572953,-0.3395703,-120.94534,-119.15534,50,0
0.15384923,-0.38215515,-121.06759,-119.27759,50,0
0.2163036,-0.3489713,-121.163734,-119.37373,50,0
0.35617703,-0.27323684,-124.2061,-122.4161,50,0
0.32278138,-0.30932817,-124.184425,-122.394424,50,0
0.17931347,-0.38786328,-123.9603,-122.170296,50,0
0.132114,-0.31115168,-123.71361,-121.92361,50,0
0.11823109,-0.26439115,-118.61979,-116.82979,50,0
0.10163013,-0.3360446,-118.677025,-116.887024,50,0
0.07748385,-0.3968596,-118.700325,-116.910324,50,0
0.13073082,-0.42127317,-118.86991,-117.07991,50,0
0.22816473,-0.36590493,-119.03889,-117.248886,50,0
0.275465,-0.28675532,-119.04696,-117.25696,50,0
0.21765447,-0.26897833,-122.39374,-120.60374,50,0
0.22661695,-0.3408236,-122.52477,-120.73477,50,0
0.25184742,-0.3360304,-122.5778,-120.787796,50,0
0.26340595,-0.3786168,-122.6708,-120.8808,50,0
0.2913632,-0.41485405,-122.793526,-121.003525,50,0
0.27806342,-0.36217773,-121.87531,-120.08531,50,0
0.20439874,-0.30434617,-121.56614,-119.77614,50,0
0.1778933,-0.30389827,-121.49035,-119.70035,50,0
0.2271928,-0.33070594,-121.676544,-119.88654,50,0
0.2726764,-0.32035285,-121.78675,-119.99675,50,0
0.24108942,-0.366977,-124.64311,-122.85311,50,0
0.29786357,-0.40418163,-124.83764,-123.04764,50,0
0.29845738,-0.3995399,-124.831406,-123.041405,50,0
0.3005675,-0.36478525,-124.77943,-122.989426,50,0
0.32542983,-0.32550803,-124.77355,-122.98355,50,0
0.26743183,-0.36410624,-124.700455,-122.91045,50,0
0.25176165,-0.3720708,-121.2626,-119.4726,50,0
0.29684988,-0.35346374,-121.34007,-119.55007,50,0
0.39100125,-0.31616986,-121.50303,-119.71303,50,0
0.37829927,-0.3640069,-121.541306,-119.751305,50,0
0.23616055,-0.4009869,-121.26722,-119.47722,50,0
0.2616539,-0.36869466,-126.66609,-124.87609,50,0
0.3848067,-0.32309043,-126.864525,-125.074524,50,0
0.62402517,-0.35797855,-127.45063,-125.66063,50,0
0.71232396,-0.48797008,-127.86453,-126.07453,50,0
0.6948774,-0.5029984,-127.85211,-126.06211,50,0
0.7149165,-0.33799946,-120.203804,-118.4138,50,0
0.6810038,-0.27537173,-120.03582,-118.24582,50,0
0.88091415,-0.29696307,-120.53956,-118.74956,50,0
1.5169135,-0.21790983,-121.89997,-120.10997,50,0
3.4375262,-0.27201813,-126.13384,-124.34384,50,0
4.0892906,-0.43952852,-118.556496,-116.766495,50,0
3.680195,-0.42702886,-117.68727,-115.89727,50,0
4.5144787,-0.29134583,-119.2489,-117.4589,50,0
5.4018264,-0.2407604,-120.94702,-119.15702,50,0
5.7896056,-0.28388965,-121.74935,-119.95935,50,0
5.700437,-0.34116903,-128.08333,-126.29333,50,0
5.7007084,-0.3510797,-128.09772,-126.30772,50,0
6.2113667,-0.3577425,-128.95105,-127.16105,50,0
6.8598604,-0.4051506,-130.05951,-128.26952,50,0
7.538647,-0.41878992,-131.1322,-129.34221,50,0
8.081272,-0.39898416,-131.91876,-130.12877,50,0
8.41125,-0.3568599,-126.815414,-125.02541,50,0
8.560234,-0.29215047,-126.94853,-125.15853,50,0
8.85204,-0.3192133,-127.38938,-125.59938,50,0
9.32841,-0.31485036,-128.03993,-126.24993,50,0
9.967407,-0.31924158,-128.90395,-127.113945,50,0
10.129048,-0.32855326,-129.12883,-127.33883,50,0
10.144861,-0.35297978,-127.76434,-125.97434,50,0
10.028908,-0.3271233,-127.57638,-125.78638,50,0
10.148491,-0.31697735,-127.725876,-125.935875,50,0
10.809321,-0.35156447,-128.64673,-126.85673,50,0
11.708284,-0.345027,-129.79518,-128.00519,50,0
12.158451,-0.32704622,-126.42776,-124.63776,50,0
12.397224,-0.39048338,-126.73662,-124.94662,50,0
12.879336,-0.39322513,-127.2333,-125.4433,50,0
13.332317,-0.38725257,-127.68404,-125.894035,50,0
13.835835,-0.3969944,-128.19264,-126.40264,50,0
14.909815,-0.38604468,-129.2166,-127.4266,50,0
15.617583,-0.41152734,-127.675606,-125.885605,50,0
16.133394,-0.4741245,-128.20345,-126.413445,50,0
16.744522,-0.48603514,-128.75923,-126.96923,50,0
16.610725,-0.37854737,-128.53757,-126.74757,50,0
16.774637,-0.3694772,-128.67337,-126.88337,50,0
17.08595,-0.38226256,-128.958,-127.16799,50,0
17.603926,-0.41292244,-128.54561,-126.75561,50,0
18.087566,-0.44248733,-128.99747,-127.207466,50,0
18.096695,-0.42736238,-128.9906,-127.2006,50,0
18.349804,-0.36574647,-129.14877,-127.35877,50,0
19.672028,-0.4343408,-130.32712,-128.53712,50,0
20.298319,-0.49829754,-129.94151,-128.15152,50,0
19.974434,-0.41565853,-129.63416,-127.844154,50,0
19.802431,-0.40419313,-129.4994,-127.709404,50,0
20.022272,-0.3961307,-129.651,-127.861,50,0
21.551914,-0.4248604,-130.75148,-128.96149,50,0
22.796095,-0.51039886,-126.95076,-125.16076,50,0
23.352964,-0.4833719,-127.271736,-125.481735,50,0
23.295998,-0.37232062,-127.14565,-125.35565,50,0
23.166107,-0.36226824,-127.057915,-125.267914,50,0
23.416891,-0.36951235,-127.21707,-125.42707,50,0
23.766579,-0.3607766,-127.42163,-125.63163,50,0
24.02855,-0.3482134,-126.62816,-124.83816,50,0
24.550564,-0.45238012,-127.02348,-125.23348,50,0
25.273638,-0.4906893,-127.477356,-125.687355,50,0
25.384455,-0.5508966,-127.59121,-125.80121,50,0
24.920774,-0.5104692,-127.288666,-125.498665,50,0
24.933836,-0.38659915,-128.27126,-126.481255,50,0
25.406937,-0.36582637,-128.53387,-126.74387,50,0
26.022366,-0.44089988,-128.95676,-127.166756,50,0
26.580595,-0.6215456,-129.4325,-127.642494,50,0
27.244308,-0.6494429,-129.83047,-128.04048,50,0
27.139666,-0.5296584,-129.58229,-127.79229,50,0
26.892508,-0.44130594,-129.37961,-127.58961,50,0
26.880035,-0.4264485,-129.36069,-127.57069,50,0
26.883656,-0.42756155,-129.3635,-127.573494,50,0
27.479414,-0.2977197,-129.56325,-127.77325,50,0
28.231886,-0.36180586,-129.9981,-128.2081,50,0
28.26198,-0.4823315,-127.31053,-125.52053,50,0
28.01469,-0.5637345,-127.239174,-125.44917,50,0
27.918451,-0.6084729,-127.22222,-125.43222,50,0
27.874685,-0.5348622,-127.1343,-125.3443,50,0
28.057121,-0.39293396,-127.11783,-125.32783,50,0
28.187609,-0.343679,-127.15011,-125.36011,50,0
27.742489,-0.4373354,-126.19443,-124.40443,50,0
27.491869,-0.5337293,-126.13868,-124.34868,50,0
27.272053,-0.5720272,-126.05136,-124.26136,50,0
26.899641,-0.58176845,-125.85704,-124.06704,50,0
26.79474,-0.6186969,-125.82938,-124.039375,50,0
26.872366,-0.66501385,-127.64592,-125.85592,50,0
27.156261,-0.64911443,-127.78909,-125.99909,50,0
27.613125,-0.6024083,-127.99884,-126.20884,50,0
27.809866,-0.54811513,-128.05934,-126.26934,50,0
28.190897,-0.52314186,-128.24178,-126.451775,50,0
29.098547,-0.5104703,-128.70596,-126.91596,50,0
29.69426,-0.5294935,-126.49413,-124.70413,50,0
29.78058,-0.56813633,-126.569214,-124.77921,50,0
29.813293,-0.5437845,-126.56566,-124.77566,50,0
30.056479,-0.5567679,-126.69792,-124.90792,50,0
30.261272,-0.50262,-126.75504,-124.96504,50,0
31.093336,-0.43625692,-126.77389,-124.98389,50,0
31.582895,-0.4416236,-127.001305,-125.2113,50,0
31.33454,-0.5316691,-126.96174,-125.17174,50,0
30.716814,-0.7069663,-126.819115,-125.02911,50,0
30.984158,-0.7626534,-126.9886,-125.1986,50,0
31.771267,-0.69557464,-127.29377,-125.50377,50,0
32.16706,-0.543973,-124.07954,-122.289536,50,0
32.967903,-0.4276934,-124.317474,-122.52747,50,0
33.504425,-0.43672466,-124.53953,-122.74953,50,0
33.221066,-0.45651296,-124.44177,-122.65177,50,0
33.129013,-0.48771033,-124.429054,-122.63905,50,0
34.38231,-0.5272367,-125.40794,-123.61794,50,0
35.33891,-0.50113153,-125.74549,-123.95549,50,0
35.77999,-0.42033106,-125.84254,-124.052536,50,0
35.511017,-0.36876965,-125.70348,-123.91348,50,0
35.280075,-0.41458714,-125.65506,-123.86506,50,0
35.283268,-0.45090804,-122.52203,-120.73203,50,0
35.32591,-0.5308632,-122.59808,-120.80808,50,0
35.04605,-0.55754906,-122.51888,-120.72888,50,0
35.112457,-0.48066333,-122.484085,-120.694084,50,0
35.499336,-0.46781856,-122.611145,-120.821144,50,0
35.43544,-0.42699844,-123.0703,-121.2803,50,0
35.6147,-0.4025212,-123.11407,-121.324066,50,0
36.44185,-0.46262503,-123.44448,-121.65448,50,0
36.61049,-0.51839894,-123.54483,-121.75483,50,0
36.852108,-0.4761123,-123.59327,-121.80327,50,0
37.56497,-0.5335098,-124.76637,-122.97637,50,0
36.667835,-0.5384842,-124.472046,-122.682045,50,0
36.409714,-0.43989646,-124.30768,-122.51768,50,0
37.29962,-0.41445023,-124.58533,-122.79533,50,0
38.05483,-0.34687653,-124.77758,-122.98758,50,0
38.207233,-0.39249688,-124.86255,-123.07255,50,0
38.05451,-0.44043684,-123.86103,-122.07103,50,0
37.40455,-0.3926635,-123.600006,-121.810005,50,0
37.558777,-0.37140545,-123.636505,-121.846504,50,0
38.173176,-0.61531883,-124.040825,-122.250824,50,0
38.48431,-0.54671293,-124.09118,-122.30118,50,0
38.696854,-0.574103,-125.38883,-123.59883,50,0
39.05763,-0.58151263,-125.4938,-123.7038,50,0
38.986294,-0.5241364,-125.4295,-123.639496,50,0
38.82133,-0.46183428,-125.33573,-123.54573,50,0
39.064632,-0.47232246,-125.41044,-123.62044,50,0
39.121723,-0.36586574,-125.34288,-123.55288,50,0
38.99432,-0.6486144,-120.26764,-118.47764,50,0
40.384117,-0.89600444,-120.836945,-119.04694,50,0
40.08855,-0.69447863,-120.60267,-118.81267,50,0
39.401134,-0.562065,-120.31471,-118.52471,50,0
40.38017,-0.63987523,-120.63892,-118.84892,50,0
40.73412,-0.69743717,-121.41747,-119.62747,50,0
40.973213,-0.7405,-121.50904,-119.71904,50,0
41.039604,-0.7849769,-121.55942,-119.76942,50,0
40.190613,-0.7036604,-121.28736,-119.49736,50,0
40.540688,-0.62067634,-121.31111,-119.52111,50,0
40.942265,-0.60455596,-121.3971,-119.6071,50,0
40.855595,-0.59566444,-121.87066,-120.08066,50,0
41.21025,-0.6602504,-122.002426,-120.212425,50,0
41.495224,-0.69364554,-122.09352,-120.30352,50,0
41.561543,-0.69199747,-122.10739,-120.31739,50,0
42.117706,-0.6899647,-122.231155,-120.441154,50,0
42.85629,-0.71963584,-122.41647,-120.62647,50,0
43.198822,-0.6544905,-120.25813,-118.46813,50,0
43.63035,-0.6094585,-120.31373,-118.52373,50,0
44.059883,-0.60112023,-120.39571,-118.60571,50,0
44.154465,-0.6451578,-120.44944,-118.65944,50,0
43.683125,-0.7092307,-120.40238,-118.61238,50,0
43.94701,-0.70819163,-120.45623,-118.66623,50,0
44.554333,-0.62562084,-119.07331,-117.28331,50,0
44.774498,-0.6685484,-119.14591,-117.35591,50,0
44.09421,-0.7221408,-119.06403,-117.27403,50,0
44.415356,-0.6117439,-119.037544,-117.24754,50,0
45.732635,-0.5513759,-119.22129,-117.43129,50,0
46.03975,-0.63241136,-117.38916,-115.59916,50,0
45.609,-0.6512271,-117.328224,-115.53822,50,0
45.557816,-0.70545375,-117.36135,-115.57135,50,0
45.56604,-0.70865726,-117.365295,-115.575294,50,0
46.3858,-0.7578599,-117.54742,-115.757416,50,0
46.775013,-0.70243585,-117.57015,-115.78015,50,0
46.73002,-0.7290125,-117.31824,-115.52824,50,0
46.528397,-0.7092664,-117.27106,-115.48106,50,0
46.394802,-0.70599216,-117.24733,-115.45733,50,0
46.877144,-0.7044352,-117.321915,-115.53191,50,0
47.510624,-0.63267773,-117.36213,-115.57213,50,0
47.91365,-0.6096626,-116.90849,-115.11849,50,0
48.302116,-0.6489565,-116.982315,-115.192314,50,0
48.34968,-0.5587334,-116.91679,-115.126785,50,0
48.98455,-0.523745,-116.956635,-115.16663,50,0
49.347195,-0.453399,-116.93804,-115.14804,50,0
49.283264,-0.4013534,-116.89043,-115.100426,50,0
48.856766,-0.46930456,-117.06753,-115.27753,50,0
48.80986,-0.61952907,-117.181046,-115.391045,50,0
49.135487,-0.6500474,-117.24132,-115.45132,50,0
49.129425,-0.53516924,-117.14954,-115.35954,50,0
48.974007,-0.5651313,-117.15626,-115.36626,50,0
49.623226,-0.7169537,-117.34735,-115.55735,50,0
49.80487,-0.8576657,-116.77665,-114.98665,50,0
48.93415,-0.748532,-116.60666,-114.81666,50,0
49.83626,-0.54613703,-116.53222,-114.74222,50,0
50.06935,-0.47946683,-116.50013,-114.71013,50,0
50.001064,-0.42341268,-116.44956,-114.65956,50,0
50.52244,-0.50793993,-117.02721,-115.237206,50,0
50.437046,-0.67538613,-117.15315,-115.36315,50,0
51.129734,-0.6992666,-117.24345,-115.453445,50,0
51.640015,-0.6986122,-117.29302,-115.50302,50,0
51.490467,-0.7774757,-117.342735,-115.552734,50,0
50.86891,-0.7497695,-117.25796,-115.46796,50,0
51.015736,-0.7094511,-116.01202,-114.222015,50,0
51.09349,-0.58062387,-115.91533,-114.12533,50,0
51.856586,-0.6286479,-116.0218,-114.2318,50,0
52.077206,-0.75949615,-116.1472,-114.3572,50,0
51.553032,-0.7291968,-116.0768,-114.2868,50,0
51.22916,-0.68020946,-116.69089,-114.90089,50,0
52.063805,-0.62572926,-116.72102,-114.93102,50,0
52.09205,-0.62016034,-116.71892,-114.92892,50,0
51.610863,-0.7416724,-116.77551,-114.98551,50,0
51.45561,-0.63848054,-116.6778,-114.8878,50,0
52.135605,-0.7010145,-116.78861,-114.99861,50,0
52.789127,-0.7210551,-114.43414,-112.64414,50,0
52.556435,-0.72613883,-114.42278,-112.63278,50,0
52.410454,-0.7406565,-114.42466,-112.63466,50,0
52.714695,-0.8198184,-114.50962,-112.71962,50,0
52.59304,-0.69770855,-114.40214,-112.61214,50,0
52.842934,-0.53909224,-116.81745,-115.02745,50,0
53.09479,-0.53331065,-116.82738,-115.03738,50,0
53.282684,-0.56587553,-116.86467,-115.07467,50,0
53.558426,-0.7188925,-117.00552,-115.21552,50,0
53.439613,-0.73769665,-117.01431,-115.22431,50,0
53.23744,-0.6664694,-116.94445,-115.15445,50,0
52.95432,-0.44570678,-113.76318,-111.97318,50,0
53.370598,-0.38483325,-113.73203,-111.94203,50,0
53.858227,-0.5449285,-113.882835,-112.092834,50,0
53.829174,-0.68579745,-113.9969,-112.2069,50,0
54.13909,-0.63776875,-113.97014,-112.18014,50,0
54.46053,-0.5481902,-113.90874,-112.11874,50,0
54.21752,-0.4768977,-113.84111,-112.05111,50,0
54.287907,-0.5422746,-115.21786,-113.42786,50,0
54.31748,-0.5732959,-115.24414,-113.45414,50,0
54.431267,-0.52291256,-115.20598,-113.41598,50,0
54.849697,-0.44804084,-115.15513,-113.36513,50,0
54.87346,-0.46515077,-115.1698,-113.3798,50,0
54.69325,-0.50701207,-114.00156,-112.211555,50,0
55.037678,-0.48960984,-113.99317,-112.20317,50,0
55.13534,-0.49709353,-114.00088,-112.21088,50,0
55.26264,-0.52233756,-114.02363,-112.23363,50,0
55.629963,-0.5014833,-114.01136,-112.22136,50,0
55.24327,-0.4975492,-114.00288,-112.212875,50,0
54.76901,-0.5307499,-112.592545,-110.80254,50,0
55.084915,-0.4150764,-112.49863,-110.708626,50,0
55.24409,-0.43991262,-112.519135,-110.72913,50,0
55.250725,-0.5403609,-112.601685,-110.81168,50,0
55.8217,-0.5072488,-112.57397,-110.783966,50,0
56.220356,-0.41984376,-112.499886,-110.709885,50,0
55.980793,-0.40620655,-112.57319,-110.78319,50,0
55.864326,-0.42666298,-112.59163,-110.80163,50,0
56.17701,-0.42844126,-112.588745,-110.798744,50,0
56.359993,-0.40845683,-112.56935,-110.77935,50,0
56.37789,-0.4280343,-112.58529,-110.79529,50,0
55.73613,-0.4949199,-114.269936,-112.479935,50,0
55.73676,-0.49539384,-114.27033,-112.48033,50,0
55.804005,-0.43644744,-114.222534,-112.43253,50,0
55.238,-0.37811494,-114.16343,-112.37343,50,0
54.55059,-0.5308832,-114.27321,-112.48321,50,0
54.008816,-0.6321123,-114.340706,-112.550705,50,0
53.355003,-0.6902327,-117.17187,-115.38187,50,0
52.87455,-0.7328996,-117.17575,-115.38575,50,0
52.239532,-0.6602186,-117.07288,-115.28288,50,0
52.189423,-0.6247475,-117.040535,-115.250534,50,0
51.62595,-0.59641844,-116.97669,-115.18669,50,0
50.57341,-0.58295006,-116.88354,-115.09354,50,0
49.90631,-0.5486399,-116.02273,-114.23273,50,0
49.8843,-0.5420383,-116.015,-114.225,50,0
49.791264,-0.45500064,-115.935165,-114.145164,50,0
49.400135,-0.4679985,-115.90167,-114.11167,50,0
48.82413,-0.49202767,-115.8541,-114.0641,50,0
48.628426,-0.67884135,-119.86353,-118.07353,50,0
48.13155,-0.73167753,-119.84187,-118.05187,50,0
47.34008,-0.6343632,-119.65945,-117.869446,50,0
46.856133,-0.59964895,-119.56552,-117.77552,50,0
46.532112,-0.662052,-119.56869,-117.77869,50,0
45.861305,-0.68421704,-119.4885,-117.6985,50,0
45.39965,-0.69645226,-122.15329,-120.36329,50,0
44.110165,-0.67733896,-121.82096,-120.03096,50,0
43.625202,-0.7086003,-121.72307,-119.93307,50,0
43.8291,-0.7106913,-121.77681,-119.98681,50,0
43.365913,-0.80850905,-121.73654,-119.94654,50,0
42.749783,-0.7453424,-121.52454,-119.73454,50,0
42.495804,-0.66951686,-121.81443,-120.02443,50,0
42.106056,-0.7289035,-121.770454,-119.98045,50,0
41.64483,-0.6742738,-121.61952,-119.82952,50,0
41.122555,-0.7098235,-121.52174,-119.73174,50,0
40.145573,-0.6629097,-121.24504,-119.45504,50,0
39.75754,-0.7490761,-124.79735,-123.00735,50,0
39.943882,-0.7749961,-124.870094,-123.08009,50,0
39.979134,-0.8113973,-124.90877,-123.11877,50,0
39.50332,-0.8044454,-124.76916,-122.97916,50,0
38.3654,-0.7180428,-124.37177,-122.58177,50,0
37.855957,-0.71397823,-124.21692,-122.42692,50,0
38.247684,-0.72960377,-122.55948,-120.76948,50,0
37.951263,-0.6883382,-122.44425,-120.65425,50,0
37.578724,-0.69082594,-122.33956,-120.54956,50,0
37.28839,-0.7279218,-122.28345,-120.49345,50,0
37.32465,-0.8066509,-122.35325,-120.56325,50,0
37.676857,-0.7650437,-122.423836,-120.633835,50,0
36.7575,-0.63008547,-124.655785,-122.86578,50,0
35.804047,-0.6267884,-124.32249,-122.532486,50,0
35.696507,-0.7344843,-124.36851,-122.57851,50,0
35.640392,-0.82585394,-124.419914,-122.62991,50,0
35.92662,-0.8555625,-124.544495,-122.75449,50,0
35.14646,-0.6765858,-124.2413,-122.4513,50,0
34.516457,-0.54276043,-123.87752,-122.08752,50,0
34.376747,-0.59860754,-123.86425,-122.07425,50,0
33.923386,-0.6544572,-123.719696,-121.929695,50,0
33.961792,-0.6282767,-123.715096,-121.925095,50,0
34.34003,-0.6878297,-123.919876,-122.129875,50,0
34.82273,-0.7757757,-122.91984,-121.12984,50,0
34.789288,-0.7744359,-122.9058,-121.1158,50,0
34.702415,-0.7501084,-122.85306,-121.06306,50,0
34.609093,-0.6325032,-122.725464,-120.93546,50,0
34.779026,-0.5789764,-122.750084,-120.96008,50,0
34.572567,-0.5907385,-122.67891,-120.88891,50,0
34.54119,-0.6278425,-123.119354,-121.32935,50,0
34.65465,-0.6679586,-123.19579,-121.40579,50,0
34.475773,-0.704303,-123.152985,-121.36298,50,0
34.556328,-0.77368385,-123.23939,-121.44939,50,0
34.22093,-0.7140827,-123.05846,-121.268456,50,0
34.313084,-0.7200733,-125.156075,-123.36607,50,0
34.45396,-0.63158303,-125.14486,-123.35486,50,0
34.778927,-0.6497916,-125.29951,-123.50951,50,0
34.950714,-0.64124316,-125.365845,-123.57584,50,0
34.54324,-0.63510114,-125.186264,-123.39626,50,0
34.345135,-0.7003323,-125.15387,-123.36387,50,0
34.74985,-0.6941776,-125.284195,-123.494194,50,0
35.35424,-0.6755105,-125.49136,-123.70136,50,0
35.548073,-0.74577963,-125.61727,-123.82727,50,0
35.821537,-0.76611894,-125.73196,-123.941956,50,0
36.08766,-0.71111804,-125.783264,-123.99326,50,0
35.904583,-0.5466343,-125.01396,-123.22396,50,0
36.039875,-0.45650464,-124.99112,-123.20112,50,0
36.10787,-0.57791406,-125.111374,-123.32137,50,0
36.1233,-0.6464815,-125.171196,-123.381195,50,0
36.568554,-0.7390571,-125.40268,-123.61268,50,0
36.65438,-0.7787232,-125.46454,-123.67454,50,0
36.581993,-0.76965356,-123.6313,-121.8413,50,0
36.4281,-0.7026358,-123.52509,-121.73509,50,0
36.48782,-0.6714646,-123.52165,-121.73165,50,0
36.606236,-0.7144308,-123.59655,-121.80655,50,0
36.68783,-0.7170854,-123.62702,-121.83702,50,0
37.132915,-0.69024366,-123.75958,-121.96958,50,0
37.397778,-0.64135325,-122.5743,-120.7843,50,0
37.681206,-0.6527,-122.67184,-120.881836,50,0
38.61923,-0.65913594,-122.96504,-121.17504,50,0
38.85774,-0.7107824,-123.077194,-121.28719,50,0
38.980274,-0.6926167,-123.09978,-121.30978,50,0
39.118435,-0.67686296,-123.12869,-121.33869,50,0
39.397724,-0.65758234,-122.869514,-121.07951,50,0
39.90158,-0.41172975,-122.81361,-121.023605,50,0
42.05677,-0.31967515,-123.28202,-121.49202,50,0
44.860252,-0.4600869,-124.03226,-122.242256,50,0
43.75154,-1.0635598,-124.272316,-122.482315,50,0
42.975067,-1.3959785,-124.35709,-122.56709,50,0
43.59083,-1.5167221,-120.9342,-119.144196,50,0
45.06809,-1.0567403,-120.85009,-119.06009,50,0
46.01235,-0.8667839,-120.86378,-119.07378,50,0
46.346607,-0.7435463,-120.82191,-119.031906,50,0
46.53376,-0.8574263,-120.94279,-119.15279,50,0
46.29626,-0.9818523,-121.00223,-119.21223,50,0
47.030293,-0.95687485,-119.92897,-118.13897,50,0
47.960377,-0.9577797,-120.09754,-118.30754,50,0
47.80815,-0.88563883,-120.01213,-118.22213,50,0
48.05995,-0.83039355,-120.011696,-118.221695,50,0
47.94955,-0.82562006,-119.98847,-118.19847,50,0
47.57071,-1.0036952,-120.06519,-118.27519,50,0
47.59715,-1.007321,-118.337875,-116.547874,50,0
47.601524,-1.0191348,-118.34779,-116.55779,50,0
48.259476,-0.9252222,-118.36234,-116.57234,50,0
48.506706,-0.9856291,-118.44283,-116.65283,50,0
48.154495,-0.9594837,-118.375595,-116.585594,50,0
48.08121,-0.8789696,-117.56638,-115.77638,50,0
48.48582,-0.8456881,-117.59236,-115.80236,50,0
49.177197,-0.9022345,-117.72399,-115.93399,50,0
49.16303,-0.9960554,-117.797226,-116.007225,50,0
48.987698,-1.0974389,-117.85631,-116.06631,50,0
48.625206,-1.0136538,-116.06603,-114.27603,50,0
48.757668,-0.93310547,-116.014946,-114.224945,50,0
49.608837,-0.93157476,-116.08575,-114.295746,50,0
50.167763,-0.88623,-116.09434,-114.30434,50,0
49.7473,-0.7989308,-115.99239,-114.20239,50,0
48.7539,-0.832317,-115.93601,-114.14601,50,0
49.142235,-0.98082,-117.16347,-115.37347,50,0
50.303684,-0.92146677,-117.24066,-115.45066,50,0
50.606262,-0.98102546,-117.3194,-115.529396,50,0
49.92357,-0.9861565,-117.25282,-115.46282,50,0
49.365967,-0.9068176,-117.12941,-115.33941,50,0
50.085426,-0.9072463,-115.33247,-113.54247,50,0
50.439835,-0.92813677,-115.38774,-113.59774,50,0
50.38969,-0.9752339,-115.42014,-113.63014,50,0
50.428955,-0.9806167,-115.42872,-113.63872,50,0
50.67778,-0.8496021,-115.34988,-113.559875,50,0
51.089184,-0.91882074,-116.67056,-114.88056,50,0
51.47425,-0.85153997,-116.64447,-114.85447,50,0
51.759445,-0.81579256,-116.635574,-114.84557,50,0
51.885105,-0.8453093,-116.66799,-114.87799,50,0
52.466724,-0.79269165,-116.66357,-114.873566,50,0
53.262497,-0.66793704,-116.609665,-114.819664,50,0
53.563564,-0.6756428,-116.632774,-114.84277,50,0
53.24264,-0.62987226,-115.91325,-114.12325,50,0
52.28431,-0.9914355,-116.137215,-114.34721,50,0
49.517826,-1.5398982,-116.3244,-114.5344,50,0
46.828163,-1.5914418,-116.058754,-114.26875,50,0
47.34517,-1.3671614,-115.94792,-114.15792,50,0
50.082527,-1.2247195,-114.28012,-112.49012,50,0
49.44259,-1.0388749,-114.07355,-112.28355,50,0
50.026215,-1.0459791,-114.13323,-112.34323,50,0
51.47857,-0.9997444,-114.22082,-112.43082,50,0
52.669617,-0.94961196,-114.271385,-112.481384,50,0
52.969788,-0.9408436,-114.28565,-112.49565,50,0
53.017937,-0.83897144,-116.50391,-114.713905,50,0
53.828625,-0.8972727,-116.619415,-114.829414,50,0
53.296196,-0.920302,-116.59469,-114.80469,50,0
52.659103,-0.6980428,-116.35694,-114.56694,50,0
53.081997,-0.6410452,-116.34614,-114.55614,50,0
53.511997,-0.8681411,-116.569496,-114.779495,50,0
53.47938,-0.94639224,-113.90445,-112.11445,50,0
53.537327,-0.8596079,-113.83486,-112.04486,50,0
53.604538,-0.7313783,-113.73183,-111.941826,50,0
53.403328,-0.72555757,-113.726364,-111.93636,50,0
53.081375,-0.8316661,-113.809616,-112.019615,50,0
53.25073,-0.78643227,-113.502884,-111.71288,50,0
53.21463,-0.7093929,-113.438965,-111.648964,50,0
53.65971,-0.5079757,-113.291664,-111.50166,50,0
54.05491,-0.5534812,-113.34204,-111.55204,50,0
53.65731,-0.7379927,-113.47896,-111.68896,50,0
53.16167,-0.91685325,-113.6051,-111.8151,50,0
52.958786,-0.9284102,-113.487595,-111.69759,50,0
52.893456,-0.93751764,-113.489494,-111.69949,50,0
52.583218,-0.7941267,-113.34549,-111.55549,50,0
52.211033,-0.6360335,-113.18432,-111.39432,50,0
52.093857,-0.62564963,-113.1656,-111.3756,50,0
51.618446,-0.7197045,-113.19905,-111.40905,50,0
50.742,-0.8068256,-115.64688,-113.85688,50,0
50.50236,-0.8471543,-115.6539,-113.8639,50,0
50.82974,-0.8171133,-115.66439,-113.87439,50,0
51.01827,-0.84989774,-115.71051,-113.92051,50,0
50.227345,-0.71563464,-115.51869,-113.72869,50,0
49.882545,-0.6274366,-115.41061,-113.620605,50,0
49.566006,-0.7397415,-120.48484,-118.69484,50,0
48.237274,-0.75960845,-120.298645,-118.508644,50,0
47.11075,-0.8684406,-120.20277,-118.412766,50,0
46.724384,-0.84123415,-120.11569,-118.32569,50,0
46.97891,-0.887815,-120.19603,-118.40603,50,0
47.161137,-0.8503404,-120.196724,-118.40672,50,0
47.03841,-0.8227921,-121.930435,-120.140434,50,0
45.63889,-0.7275599,-121.62922,-119.83922,50,0
44.58203,-0.8151478,-121.51644,-119.72644,50,0
44.31458,-0.89093935,-121.52786,-119.73786,50,0
44.40949,-0.888697,-121.54308,-119.75308,50,0
44.302452,-0.8670831,-119.433014,-117.64301,50,0
44.169533,-0.78638375,-119.339005,-117.549,50,0
43.61156,-0.8115514,-119.230156,-117.440155,50,0
42.33424,-0.7873506,-118.906815,-117.11681,50,0
41.38455,-0.850124,-118.71952,-116.92952,50,0
40.735855,-0.8060783,-118.52055,-116.73055,50,0
39.849697,-0.68180823,-123.36048,-121.57048,50,0
39.160995,-0.70314,-123.17803,-121.38803,50,0
38.739662,-0.7959211,-123.12591,-121.33591,50,0
38.837765,-0.87562233,-123.2171,-121.4271,50,0
39.057373,-0.9844385,-123.36713,-121.577126,50,0
38.611416,-0.97868764,-123.79499,-122.00499,50,0
38.13679,-0.88440394,-123.5879,-121.7979,50,0
37.43174,-0.8375071,-123.348434,-121.55843,50,0
36.21838,-0.7505439,-122.92136,-121.131355,50,0
35.487606,-0.6893408,-122.651344,-120.86134,50,0
35.4638,-0.6822955,-124.171,-122.381,50,0
35.865852,-0.6967309,-124.32651,-122.53651,50,0
36.055477,-0.8421811,-124.50817,-122.71817,50,0
35.60279,-0.7588007,-124.28082,-122.49082,50,0
35.205006,-0.6735198,-124.07039,-122.28039,50,0
34.07863,-0.76265556,-123.72199,-121.93199,50,0
32.88016,-0.7876034,-124.19072,-122.40072,50,0
32.53741,-0.86992145,-124.09846,-122.30846,50,0
32.094612,-0.85009557,-123.87543,-122.08543,50,0
31.853777,-0.90971965,-123.80923,-122.019226,50,0
31.903906,-0.8869809,-123.81486,-122.02486,50,0
32.194427,-0.89360607,-123.95717,-122.16717,50,0
32.47127,-0.88199866,-124.60097,-122.81097,50,0
32.367565,-0.83171046,-124.51157,-122.72157,50,0
31.888262,-0.75471103,-124.22285,-122.432846,50,0
31.390152,-0.6839299,-123.927666,-122.137665,50,0
30.734938,-0.711897,-123.63111,-121.84111,50,0
30.624012,-0.7798924,-123.63035,-121.84035,50,0
30.902353,-0.8154448,-127.097404,-125.3074,50,0
31.208612,-0.8061001,-127.24459,-125.45459,50,0
30.84216,-0.7039598,-126.97283,-125.18283,50,0
30.395287,-0.6856593,-126.7286,-124.9386,50,0
29.363972,-0.7710875,-126.2597,-124.469696,50,0
28.864521,-0.7968032,-123.378136,-121.588135,50,0
29.026026,-0.818002,-123.48416,-121.69416,50,0
29.3086,-0.7883271,-123.61509,-121.82509,50,0
29.568579,-0.7596292,-123.73324,-121.94324,50,0
29.19203,-0.7962642,-123.55778,-121.76778,50,0
28.526321,-0.8889444,-123.26407,-121.47407,50,0
27.89968,-0.8496549,-125.37337,-123.58337,50,0
27.366613,-0.7387089,-125.00136,-123.21136,50,0
26.471104,-0.6583649,-124.452576,-122.662575,50,0
25.985401,-0.75081027,-124.25628,-122.46628,50,0
25.882107,-0.7757334,-124.218056,-122.428055,50,0
25.841824,-0.7931782,-124.20911,-122.419106,50,0
25.69797,-0.7619296,-125.6919,-123.9019,50,0
25.43761,-0.7138829,-125.49197,-123.701965,50,0
25.17598,-0.756981,-125.365456,-123.575455,50,0
24.62266,-0.7855782,-125.0419,-123.2519,50,0
24.048922,-0.7338009,-124.63401,-122.84401,50,0
23.321417,-0.67031634,-127.22629,-125.43629,50,0
22.913664,-0.6667678,-126.94784,-125.15784,50,0
22.8331,-0.74809515,-126.962975,-125.17297,50,0
22.717794,-0.7672673,-126.90068,-125.11068,50,0
22.771181,-0.70769125,-126.885956,-125.095955,50,0
22.320612,-0.64617175,-128.27762,-126.48762,50,0
21.439457,-0.62051284,-127.63306,-125.843056,50,0
21.786749,-0.7307531,-127.97757,-126.18757,50,0
21.97144,-0.73411536,-128.11107,-126.32107,50,0
22.125751,-0.7214075,-128.20828,-126.41828,50,0
22.289574,-0.7058481,-128.309,-126.519005,50,0
21.941483,-0.6938521,-127.152115,-125.362114,50,0
21.79647,-0.7288407,-127.073105,-125.283104,50,0
22.226772,-0.7497542,-127.41966,-125.62966,50,0
22.556572,-0.7703883,-127.68667,-125.89667,50,0
22.69244,-0.74067926,-127.76086,-125.970856,50,0
22.560614,-0.7757084,-127.69458,-125.90458,50,0
22.361378,-0.75970197,-126.32398,-124.53398,50,0
22.4793,-0.70789635,-126.361626,-124.571625,50,0
22.564426,-0.62535495,-126.350075,-124.560074,50,0
22.242691,-0.53174645,-126.04756,-124.25756,50,0
22.372244,-0.5941155,-126.19049,-124.40049,50,0
22.685465,-0.737234,-126.52913,-124.73913,50,0
22.85568,-0.80543095,-125.137695,-123.347694,50,0
22.71794,-0.75688046,-124.99595,-123.20595,50,0
23.16838,-0.6688184,-125.24596,-123.455956,50,0
23.407185,-0.6739289,-125.42113,-123.63113,50,0
23.615192,-0.7287298,-125.61632,-123.82632,50,0
24.04701,-0.7786561,-124.40687,-122.61687,50,0
24.670652,-0.65097094,-124.67225,-122.88225,50,0
27.489954,-0.6945369,-126.277,-124.487,50,0
31.56467,-0.6292531,-128.27379,-126.48379,50,0
33.36927,-0.77318066,-129.22581,-127.435814,50,0
32.31931,-1.0682237,-128.99907,-127.20907,50,0
31.583263,-0.8979142,-123.331,-121.541,50,0
33.750946,-0.7836924,-124.104126,-122.314125,50,0
33.63485,-0.6937829,-123.990265,-122.200264,50,0
35.155952,-0.6382163,-124.51798,-122.72798,50,0
36.780872,-0.72253406,-125.165375,-123.375374,50,0
37.472225,-0.81273097,-122.27623,-120.48623,50,0
38.0759,-0.89313495,-122.525505,-120.735504,50,0
38.669468,-0.92066604,-122.72788,-120.93788,50,0
39.179043,-0.9535839,-122.90629,-121.11629,50,0
39.45403,-0.9391592,-122.976395,-121.18639,50,0
40.08941,-0.9016283,-123.13196,-121.34196,50,0
40.378304,-0.8496331,-123.11851,-121.32851,50,0
41.216087,-0.7573177,-123.29388,-121.503876,50,0
42.490795,-0.82645994,-123.71556,-121.92556,50,0
43.132328,-0.9304595,-123.97886,-122.18886,50,0
43.794804,-1.1055115,-124.30337,-122.51337,50,0
43.79544,-1.0534699,-124.26062,-122.47062,50,0
43.72841,-0.8657884,-119.9779,-118.1879,50,0
43.89296,-0.79496837,-119.953026,-118.163025,50,0
44.257847,-0.8525481,-120.061745,-118.27174,50,0
45.760197,-0.93227774,-120.378395,-118.588394,50,0
46.87319,-1.0571736,-120.65456,-118.864555,50,0
46.580276,-1.1667414,-119.647865,-117.857864,50,0
46.07965,-0.96442366,-119.407295,-117.617294,50,0
46.43212,-0.844902,-119.37045,-117.58045,50,0
47.749077,-0.7570902,-119.50419,-117.71419,50,0
49.262142,-0.7771742,-119.73644,-117.94644,50,0
50.590042,-0.6687324,-119.822586,-118.032585,50,0
51.104355,-0.78461224,-118.59266,-116.80266,50,0
50.003456,-0.8096951,-118.487885,-116.69788,50,0
50.461212,-0.9592119,-118.66235,-116.87235,50,0
51.20704,-1.0328993,-118.80672,-117.016716,50,0
51.776928,-1.0747951,-118.90291,-117.11291,50,0
53.544365,-0.9534491,-118.97799,-117.18799,50,0
54.578636,-0.9416139,-116.36323,-114.57323,50,0
54.616035,-0.7663382,-116.22037,-114.43037,50,0
54.839046,-0.91158646,-116.338745,-114.548744,50,0
54.975285,-1.1213249,-116.51024,-114.72024,50,0
55.438335,-1.0313193,-116.435394,-114.64539,50,0
56.745815,-0.93637216,-116.34499,-114.55499,50,0
56.828403,-0.79313743,-115.19748,-113.40748,50,0
56.78244,-0.8158989,-115.21637,-113.42637,50,0
57.224438,-0.8567542,-115.25193,-113.46193,50,0
57.37802,-0.7191237,-115.13617,-113.34617,50,0
57.451107,-0.690342,-115.11187,-113.32187,50,0
56.91893,-0.7972485,-114.97674,-113.18674,50,0
57.073296,-0.8379193,-115.0182,-113.2282,50,0
57.214005,-0.9200563,-115.0943,-113.3043,50,0
56.848755,-0.83091724,-115.00215,-113.21215,50,0
57.290977,-0.7718495,-114.971344,-113.18134,50,0
57.41396,-0.74889946,-114.95692,-113.166916,50,0
56.955677,-0.84622574,-113.43007,-111.64007,50,0
56.652035,-0.9300785,-113.497955,-111.707954,50,0
56.06039,-0.8789097,-113.44869,-111.65869,50,0
56.23104,-0.71083814,-113.31061,-111.52061,50,0
56.684444,-0.75683,-113.35313,-111.563126,50,0
56.31121,-0.8837401,-113.45571,-111.66571,50,0
55.7452,-0.9197401,-113.603004,-111.813,50,0
55.594276,-0.8439902,-113.5335,-111.7435,50,0
55.78882,-0.7562717,-113.467995,-111.67799,50,0
55.785416,-0.71049356,-113.42957,-111.63957,50,0
55.158195,-0.74648947,-113.43387,-111.64387,50,0
54.204914,-0.84425515,-113.47036,-111.68036,50,0
53.475662,-0.8449256,-113.559204,-111.7692,50,0
53.415733,-0.64958423,-113.398094,-111.60809,50,0
53.655197,-0.64445335,-113.402664,-111.61266,50,0
52.398144,-0.83008116,-113.50195,-111.71195,50,0
51.874912,-0.9562496,-113.578255,-111.78825,50,0
50.973824,-0.9041702,-118.20615,-116.416145,50,0
50.18961,-0.791726,-118.03923,-116.24923,50,0
49.63927,-0.6273248,-117.8521,-116.062096,50,0
49.896595,-0.7690242,-117.991516,-116.201515,50,0
49.18164,-0.7748638,-117.92148,-116.13148,50,0
47.955208,-0.9344586,-117.90961,-116.119606,50,0
47.142605,-0.9281851,-120.75485,-118.96485,50,0
45.55476,-0.7900027,-120.35818,-118.56818,50,0
44.440002,-0.7390022,-120.10527,-118.31527,50,0
44.00957,-0.79674524,-120.0653,-118.2753,50,0
43.61184,-0.87159187,-120.0433,-118.253296,50,0
42.763058,-0.8671112,-120.70034,-118.91034,50,0
41.132336,-0.68345124,-120.1339,-118.3439,50,0
39.594234,-0.7669672,-119.77779,-117.987785,50,0
39.049778,-0.8673429,-119.69964,-117.90964,50,0
38.72077,-0.8483484,-119.590576,-117.800575,50,0
37.805683,-0.70885515,-121.6556,-119.8656,50,0
37.266,-0.7729095,-121.51882,-119.72882,50,0
36.57053,-0.7904079,-121.28714,-119.49714,50,0
36.092335,-0.7988986,-121.12209,-119.33209,50,0
35.780293,-0.79904056,-121.008934,-119.21893,50,0
35.484222,-0.660985,-120.79573,-119.00573,50,0
35.068077,-0.6277664,-127.283005,-125.493004,50,0
34.55249,-0.73676324,-127.16765,-125.37765,50,0
34.03236,-0.82695216,-127.03108,-125.24108,50,0
33.405457,-0.76978844,-126.726746,-124.936745,50,0
32.067814,-0.6114269,-126.033356,-124.243355,50,0
31.381016,-0.6450594,-127.64065,-125.85065,50,0
30.544807,-0.74279743,-127.33182,-125.54182,50,0
29.960714,-0.6820733,-127.00457,-125.21457,50,0
30.28326,-0.6973091,-127.17088,-125.38088,50,0
30.145294,-0.76262057,-127.158424,-125.36842,50,0
29.174719,-0.8250695,-126.738625,-124.94862,50,0
28.621967,-0.8769141,-125.76038,-123.97038,50,0
28.208612,-0.7698666,-125.46686,-123.67686,50,0
27.35301,-0.72699255,-124.99406,-123.204056,50,0
25.769407,-0.6452701,-124.09048,-122.300476,50,0
25.165306,-0.6462427,-123.76101,-121.97101,50,0
25.24916,-0.72168785,-126.3343,-124.5443,50,0
25.214685,-0.7556282,-126.3417,-124.5517,50,0
25.036053,-0.737876,-126.22064,-124.43064,50,0
25.260649,-0.69067335,-126.315636,-124.525635,50,0
25.225153,-0.6956941,-126.29869,-124.50869,50,0
24.294415,-0.68758595,-125.73182,-123.94182,50,0
23.783783,-0.6399727,-126.9818,-125.191795,50,0
23.416403,-0.63290244,-126.736855,-124.94685,50,0
22.92016,-0.6402274,-126.41608,-124.626076,50,0
22.879318,-0.6859297,-126.427376,-124.637375,50,0
22.781305,-0.70824385,-126.38085,-124.59085,50,0
22.901215,-0.6626398,-126.42233,-124.63233,50,0
22.756418,-0.6336673,-127.567375,-125.777374,50,0
22.142126,-0.6120279,-127.12269,-125.33269,50,0
21.906689,-0.65612876,-126.99554,-125.205536,50,0
21.742064,-0.6900969,-126.90853,-125.11853,50,0
21.537146,-0.71636194,-126.78547,-124.99547,50,0
21.482807,-0.66846234,-126.70534,-124.91534,50,0
21.530605,-0.6642461,-128.64058,-126.85058,50,0
21.11989,-0.60937583,-128.32182,-126.53182,50,0
21.056644,-0.6455847,-128.31049,-126.520485,50,0
20.829597,-0.69347924,-128.19905,-126.40905,50,0
20.885818,-0.67206854,-128.21863,-126.42863,50,0
21.207561,-0.61524457,-128.38515,-126.595146,50,0
21.315582,-0.65818954,-131.39275,-129.60275,50,0
21.24017,-0.6831279,-131.36162,-129.57162,50,0
21.130884,-0.6704822,-131.26927,-129.47928,50,0
21.026735,-0.680921,-131.20264,-129.41264,50,0
20.863749,-0.6400868,-131.04288,-129.25288,50,0
20.895084,-0.6191882,-125.79189,-124.00189,50,0
21.02664,-0.63737565,-125.90506,-124.11506,50,0
21.616299,-0.6995498,-126.391556,-124.601555,50,0
21.667574,-0.7016456,-126.43068,-124.64068,50,0
21.515026,-0.63941044,-126.26569,-124.47569,50,0
21.543772,-0.55242985,-126.21152,-124.42152,50,0
21.523563,-0.55103785,-128.03064,-126.24064,50,0
21.414486,-0.6282705,-128.02196,-126.23196,50,0
21.86519,-0.7024051,-128.40059,-126.61059,50,0
21.875877,-0.6507514,-128.3625,-126.5725,50,0
21.763506,-0.6129205,-128.25156,-126.461555,50,0
21.689024,-0.6430999,-126.209694,-124.41969,50,0
21.478941,-0.6297509,-126.05245,-124.26245,50,0
21.399433,-0.6159792,-125.985435,-124.195435,50,0
21.640478,-0.6074035,-126.14604,-124.35604,50,0
21.896383,-0.6076252,-126.32305,-124.53305,50,0
22.078493,-0.5935198,-126.43616,-124.64616,50,0
22.317905,-0.69002193,-126.79791,-125.00791,50,0
22.218452,-0.7548234,-126.78789,-124.99789,50,0
22.204395,-0.7955058,-126.812225,-125.022224,50,0
22.203823,-0.7623056,-126.78471,-124.99471,50,0
22.185823,-0.717419,-126.7366,-124.9466,50,0
22.443352,-0.70267665,-126.88743,-125.09743,50,0
22.74648,-0.7112322,-125.32307,-123.533066,50,0
22.947674,-0.6567754,-125.42327,-123.63327,50,0
22.733631,-0.6190448,-125.23377,-123.44377,50,0
22.5016,-0.64843893,-125.0881,-123.298096,50,0
22.271395,-0.6292403,-124.900665,-123.110664,50,0
22.466719,-0.6483454,-125.06219,-123.27219,50,0
22.623117,-0.6945045,-128.76392,-126.973915,50,0
22.535948,-0.6188846,-128.62947,-126.83947,50,0
22.635124,-0.5659689,-128.65338,-126.86338,50,0
22.671627,-0.5752465,-128.6888,-126.898796,50,0
22.67067,-0.65858287,-128.76547,-126.97547,50,0
22.805145,-0.6645317,-128.86958,-127.07958,50,0
22.642729,-0.6414473,-129.13484,-127.34484,50,0
22.333075,-0.6156982,-128.89229,-127.10229,50,0
22.161098,-0.6228322,-128.7762,-126.9862,50,0
22.173487,-0.68218994,-128.83907,-127.049065,50,0
22.186026,-0.75816005,-128.91728,-127.12728,50,0
22.377453,-0.73413205,-129.03186,-127.24186,50,0
22.092247,-0.70950013,-129.93033,-128.14034,50,0
22.13846,-0.69218034,-129.94649,-128.1565,50,0
21.794716,-0.63462365,-129.65514,-127.865135,50,0
21.383217,-0.6255089,-129.35744,-127.56744,50,0
21.42751,-0.5675516,-129.33633,-127.54633,50,0
21.668354,-0.5515555,-129.61166,-127.82166,50,0
21.597944,-0.5789448,-129.58377,-127.79377,50,0
21.599829,-0.6369704,-129.64102,-127.85102,50,0
21.45543,-0.73723006,-129.62584,-127.83584,50,0
21.112534,-0.75029796,-129.3707,-127.580696,50,0
20.76984,-0.7267095,-129.07742,-127.28742,50,0
20.246487,-0.6015285,-126.92348,-125.13348,50,0
19.896881,-0.47643638,-126.53922,-124.74922,50,0
19.704714,-0.46972966,-126.38216,-124.592155,50,0
19.717257,-0.521247,-126.437645,-124.647644,50,0
20.252213,-0.6759648,-126.99454,-125.20454,50,0
20.552753,-0.7602959,-127.303116,-125.513115,50,0
20.54577,-0.7305911,-128.95438,-127.164375,50,0
20.18875,-0.55940056,-128.54562,-126.75562,50,0
19.814734,-0.49964854,-128.22136,-126.43136,50,0
19.787642,-0.505299,-128.20653,-126.41653,50,0
19.85496,-0.5324181,-128.27956,-126.489555,50,0
19.887323,-0.57601583,-128.3416,-126.5516,50,0
19.944962,-0.5791257,-127.36308,-125.57308,50,0
19.821867,-0.63194555,-127.31364,-125.523636,50,0
19.44339,-0.628258,-127.008354,-125.21835,50,0
19.366568,-0.5920758,-126.914,-125.124,50,0
19.36588,-0.53555024,-126.862526,-125.072525,50,0
19.641872,-0.4961134,-127.27286,-125.48286,50,0
19.785078,-0.58432555,-127.45849,-125.66849,50,0
19.626806,-0.6482576,-127.39528,-125.60528,50,0
19.465004,-0.6716733,-127.29299,-125.50299,50,0
19.292177,-0.58765316,-127.087265,-125.297264,50,0
18.873234,-0.4414865,-126.63761,-124.84761,50,0
18.645409,-0.4666848,-126.79917,-125.00917,50,0
19.164888,-0.55436414,-127.31255,-125.52255,50,0
19.22624,-0.5905888,-127.39671,-125.60671,50,0
19.069324,-0.6490562,-127.320885,-125.53088,50,0
18.49224,-0.7440321,-126.92456,-125.13456,50,0
17.897045,-0.7532847,-131.1588,-129.3688,50,0
17.336798,-0.7390948,-130.70375,-128.91376,50,0
17.222502,-0.77318734,-130.64507,-128.85507,50,0
17.318197,-0.69356483,-130.64569,-128.8557,50,0
17.75453,-0.47901443,-130.78635,-128.99635,50,0
17.97547,-0.24562466,-130.73766,-128.94766,50,0
17.949848,-0.14422514,-126.776566,-124.986565,50,0
17.930048,-0.39392263,-126.98804,-125.19804,50,0
17.535593,-0.5550785,-126.79767,-125.00767,50,0
17.46727,-0.56346625,-126.74626,-124.95626,50,0
17.536871,-0.51851773,-130.5293,-128.7393,50,0
17.492924,-0.61422193,-130.589,-128.79901,50,0
17.496609,-0.69472414,-130.67624,-128.88625,50,0
17.403776,-0.6577019,-130.55339,-128.7634,50,0
17.292631,-0.60244924,-130.39468,-128.60469,50,0
17.013016,-0.52742666,-130.06067,-128.27068,50,0
17.073242,-0.43340287,-130.9427,-129.15271,0,0
16.948318,-0.36413312,-130.76181,-128.97182,0,0
16.592497,-0.38559997,-130.4673,-128.6773,0,0
16.787525,-0.4791087,-130.73668,-128.94669,0,0
17.03655,-0.67113507,-131.15456,-129.36456,0,0
17.30137,-0.77983254,-131.4998,-129.70981,0,0
16.944426,-0.59253526,-127.555725,-125.765724,0,0
16.551138,-0.3802275,-127.0077,-125.2177,0,0
16.238182,-0.30663484,-126.65884,-124.868835,0,0
16.207325,-0.34504303,-126.66649,-124.87649,0,0
16.604006,-0.5259346,-127.19077,-125.40077,0,0
16.63223,-0.5978642,-124.51328,-122.72328,0,0
16.24532,-0.6090403,-124.13392,-122.34392,0,0
15.651117,-0.6439821,-123.5581,-121.7681,0,0
15.328917,-0.4160225,-123.01343,-121.22343,0,0
15.1605835,-0.27840313,-122.71255,-120.92255,0,0
15.225204,-0.30318296,-127.39956,-125.60956,0,0
15.483132,-0.41528642,-127.784424,-125.99442,0,0
15.247904,-0.4609544,-127.5869,-125.7969,0,0
15.2526655,-0.45957652,-127.59045,-125.800446,0,0
14.984567,-0.52229935,-127.37363,-125.583626,0,0
14.854834,-0.5677505,-128.96806,-127.17806,0,0
14.609952,-0.58285975,-128.71942,-126.92942,0,0
14.363077,-0.49542707,-128.35405,-126.56405,0,0
14.138341,-0.41491702,-128.01907,-126.22907,0,0
13.993195,-0.4863165,-127.9354,-126.1454,0,0
13.76024,-0.60200644,-127.80024,-126.01024,0,0
13.573725,-0.5950939,-127.66612,-125.87612,0,0
13.695981,-0.50153786,-127.697914,-125.90791,0,0
13.6661625,-0.4122611,-127.577034,-125.78703,0,0
13.514053,-0.43636376,-127.443924,-125.65392,0,0
13.388794,-0.49159658,-127.3692,-125.5792,0,0
13.255259,-0.45684078,-125.9594,-124.169395,0,0
13.445149,-0.32396227,-126.03069,-124.24069,0,0
13.548858,-0.3175504,-126.13393,-124.343925,0,0
13.658328,-0.39846516,-126.32886,-124.53886,0,0
13.665871,-0.5032593,-126.44049,-124.65049,0,0
13.6870165,-0.5617795,-126.52087,-124.730865,0,0
13.407095,-0.5020842,-130.41418,-128.62419,0,0
13.405774,-0.52433664,-130.43726,-128.64726,0,0
13.433792,-0.62596744,-130.57857,-128.78857,0,0
13.337421,-0.574612,-130.4209,-128.6309,0,0
13.048825,-0.37215024,-129.8948,-128.10481,0,0
12.955497,-0.28447458,-129.25346,-127.46346,0,0
13.129093,-0.4273816,-129.59573,-127.80573,0,0
13.422897,-0.5842008,-130.0817,-128.2917,0,0
13.28077,-0.6322,-129.98303,-128.19304,0,0
13.172056,-0.6317003,-129.86594,-128.07594,0,0
13.232542,-0.5538582,-127.14911,-125.35911,0,0
13.2072935,-0.51168543,-127.074905,-125.284904,0,0
13.261284,-0.40358478,-127.02103,-125.231026,0,0
13.310381,-0.31879753,-126.9866,-125.1966,0,0
13.2926655,-0.3407934,-126.98985,-125.19985,0,0
13.078951,-0.46265638,-126.87497,-125.08497,0,0
13.025115,-0.59805185,-128.08443,-126.294426,0,0
12.759171,-0.52949977,-127.69313,-125.90313,0,0
12.455785,-0.58063626,-127.387375,-125.597374,0,0
12.351296,-0.42230868,-127.08598,-125.29598,0,0
12.078071,-0.3617261,-126.6884,-124.8984,0,0
11.3747015,-0.41612524,-133.00363,-131.21364,0,0
11.222214,-0.54788303,-132.99678,-131.20679,0,0
11.266226,-0.5918973,-133.0917,-131.30171,0,0
11.026283,-0.63373923,-132.89243,-131.10243,0,0
10.817062,-0.55253106,-132.58345,-130.79346,0,0
10.596177,-0.43590495,-127.878,-126.088,0,0
10.814263,-0.37525365,-128.08391,-126.29391,0,0
10.397827,-0.32579935,-127.49799,-125.70799,0,0
9.467601,-0.3730053,-126.33724,-124.54724,0,0
8.840954,-0.5217978,-125.659195,-123.869194,0,0
8.943492,-0.6588689,-126.39287,-124.60287,0,0
8.853218,-0.56354725,-126.13666,-124.34666,0,0
8.530355,-0.34986302,-125.38009,-123.59009,0,0
7.820531,-0.32917815,-124.250496,-122.460495,0,0
7.026743,-0.4441554,-123.110825,-121.32082,0,0
6.720865,-0.48963413,-127.85005,-126.06005,0,0
6.7908273,-0.40881112,-127.85266,-126.06266,0,0
6.767515,-0.3484096,-127.73425,-125.94425,0,0
6.4711294,-0.35809544,-127.27142,-125.48142,0,0
5.7956333,-0.44024602,-126.269615,-124.479614,0,0
4.5499496,-0.46012473,-124.63746,-122.84746,0,0
3.855673,-0.37434104,-123.215164,-121.42516,0,0
3.2795215,-0.38121572,-122.10643,-120.31643,0,0
2.7673507,-0.39421827,-121.10341,-119.31341,0,0
2.638454,-0.3805498,-120.825775,-119.035774,0,0
2.974142,-0.389277,-121.183266,-119.393265,0,0
2.9255888,-0.38171807,-121.06368,-119.27368,0,0
2.4630108,-0.274234,-119.86552,-118.075516,0,0
2.006805,-0.27349326,-118.80729,-117.01729,0,0
1.7948354,-0.4346241,-118.51994,-116.72994,0,0
1.4269843,-0.4830292,-121.499146,-119.709145,0,0
1.0919572,-0.37688679,-120.63483,-118.844826,0,0
1.0309224,-0.31536832,-120.42194,-118.63194,0,0
0.95928276,-0.32850456,-120.28266,-118.49266,0,0
0.8125936,-0.36763057,-120.01121,-118.22121,0,0
0.7349612,-0.41881752,-119.905556,-118.115555,0,0
0.7265148,-0.43200043,-119.12406,-117.33406,0,0
0.70945996,-0.40403834,-119.042984,-117.25298,0,0
0.6280728,-0.36402595,-118.785965,-116.995964,0,0
0.5489031,-0.40015155,-118.63853,-116.848526,0,0
0.5373163,-0.3560879,-118.5493,-116.7593,0,0
0.5766415,-0.32690847,-116.643005,-114.853004,0,0
0.6252265,-0.31334534,-116.75666,-114.96666,0,0
0.6216559,-0.39207906,-116.8562,-115.0662,0,0
0.5828009,-0.4297073,-116.80238,-115.01238,0,0
0.532741,-0.38692206,-117.65858,-115.868576,0,0
0.5343648,-0.30064198,-117.54878,-115.75878,0,0
0.5772312,-0.3150526,-117.67494,-115.88494,0,0
0.63308495,-0.35650644,-117.86931,-116.07931,0,0
0.61705375,-0.38131323,-117.862305,-116.0723,0,0
0.65154314,-0.43637797,-124.255264,-122.46526,0,0
0.6114658,-0.39691114,-124.10822,-122.31822,0,0
0.57806855,-0.3347178,-123.9422,-122.1522,0,0
0.5046578,-0.29105616,-123.7162,-121.9262,0,0
0.48900235,-0.38006017,-123.813614,-122.02361,0,0
0.4758617,-0.44190302,-123.87674,-122.08674,0,0
0.5014994,-0.38718793,-122.56796,-120.77796,0,0
0.55174047,-0.32706615,-122.597305,-120.807304,0,0
0.60395515,-0.35630485,-122.77652,-120.98652,0,0
0.57257825,-0.36270624,-122.70787,-120.91787,0,0
0.59919035,-0.35585898,-122.76379,-120.973785,0,0
0.6155022,-0.2998776,-119.031906,-117.241905,0,0
0.6108845,-0.31062,-119.03564,-117.245636,0,0
0.5261537,-0.38978833,-118.926025,-117.136024,0,0
0.5434225,-0.45729408,-119.075005,-117.285,0,0
0.5446907,-0.47281757,-119.10205,-117.31205,0,0
0.52262646,-0.4535573,-119.01165,-117.22165,0,0
0.57043314,-0.39239782,-119.049225,-117.259224,0,0
0.5490688,-0.3326692,-118.899254,-117.10925,0,0
0.5642345,-0.330657,-118.937775,-117.14777,0,0
0.5287251,-0.3783801,-120.60111,-118.81111,0,0
0.4956531,-0.39582077,-120.549095,-118.759094,0,0
0.5099829,-0.40787122,-120.59838,-118.80838,0,0
0.50095415,-0.45265904,-120.6389,-118.8489,0,0
0.49147296,-0.4551438,-120.620514,-118.83051,0,0
0.4548568,-0.42179835,-120.49079,-118.70079,0,0
0.51168114,-0.36023843,-122.55398,-120.76398,0,0
0.49311522,-0.33030358,-122.45994,-120.66994,0,0
0.5093271,-0.4478139,-122.68869,-120.89869,0,0
0.55271673,-0.47765395,-122.845215,-121.055214,0,0
0.5592234,-0.41033125,-119.04596,-117.25596,0,0
0.5854202,-0.35472462,-119.03258,-117.24258,0,0
0.49852735,-0.28949437,-118.69503,-116.90503,0,0
0.36862183,-0.33460423,-118.40475,-116.614746,0,0
0.39784992,-0.42984796,-118.629974,-116.83997,0,0
0.38676614,-0.514233,-115.17508,-113.38508,0,0
0.48119962,-0.61476314,-115.58158,-113.79158,0,0
0.48013222,-0.5882454,-115.54213,-113.75213,0,0
0.45779842,-0.413326,-115.24127,-113.45127,0,0
0.49565533,-0.04231306,-114.857666,-113.067665,0,0
0.53700393,0.13744731,-118.2214,-116.4314,0,0
0.53715676,-0.30796286,-118.84474,-117.05474,0,0
0.4124831,-0.7409734,-119.14871,-117.35871,0,0
0.31459293,-0.7043199,-118.83646,-117.046455,0,0
0.24785227,-0.38473672,-118.2017,-116.4117,0,0
0.27345124,-0.23309718,-123.90126,-122.11126,0,0
0.30248865,-0.27726585,-124.05154,-122.261536,0,0
0.41112745,-0.29501113,-124.35857,-122.568565,0,0
0.50097185,-0.45539546,-124.86782,-123.07782,0,0
0.56195354,-0.5782766,-125.24145,-123.45145,0,0
0.54117525,-0.42485413,-119.91002,-118.12002,0,0
0.5070431,-0.16212445,-119.47314,-117.683136,0,0
0.47407967,-0.07831255,-119.283875,-117.49387,0,0
0.38156337,-0.21706031,-119.250046,-117.460045,0,0
0.38076392,-0.5001037,-119.63093,-117.84093,0,0
0.35594934,-0.5986634,-121.803894,-120.01389,0,0
0.40053344,-0.5070757,-121.772995,-119.982994,0,1
0.41477522,-0.36264616,-121.586655,-119.79665,0,1
0.44743243,-0.25898513,-121.50961,-119.71961,0,1
0.37689525,-0.26182628,-121.34037,-119.55037,0,1
0.35992852,-0.30389082,-119.70961,-117.91961,0,1
0.50847906,-0.49107906,-120.442955,-118.652954,0,1
0.5706214,-0.6079692,-120.81792,-119.027916,0,1
0.5477736,-0.49318278,-120.55817,-118.768166,0,1
0.47228596,-0.26959616,-112.7115,-110.9215,0,10
0.28207645,-0.15082777,-112.02193,-110.231926,0,10
0.37723532,-0.2938777,-112.46663,-110.67663,0,10
0.39052373,-0.41923863,-112.65705,-110.86705,0,10
0.36384094,-0.7387145,-112.97491,-111.184906,0,10
0.4506416,-0.9005866,-121.79798,-120.00798,0,10
0.3493144,-1.0615032,-121.79485,-120.00485,0,10
0.55642104,0.058802277,-120.53866,-118.74866,0,10
0.42490515,0.47077662,-119.581856,-117.791855,0,10
0.3366641,-0.010084586,-120.07159,-118.281586,0,10
0.540176,-0.57596576,-121.49012,-119.70012,0,10
0.5392817,-0.60432184,-121.53136,-119.741356,0,10
0.35128582,-0.66425925,-121.15283,-119.36283,0,10
0.32411778,-0.5003428,-120.8362,-119.046196,0,10
0.40808362,-0.0039607664,-120.31371,-118.52371,0,10
0.4943563,0.046374917,-114.77171,-112.98171,0,10
0.452836,-0.37895617,-115.161156,-113.371155,0,10
0.4195255,-0.67421585,-115.42954,-113.63954,0,10
0.45112455,-0.5376008,-115.344986,-113.554985,0,10
0.39672926,-0.3287918,-114.962715,-113.172714,0,10
0.3140534,-0.36466116,-124.22115,-122.43115,0,10
0.26226333,-0.4011425,-124.15109,-122.36109,0,10
0.48564112,-0.23542976,-124.43497,-122.644966,0,10
0.6763222,-0.2504298,-124.946266,-123.156265,0,10
0.6708557,-0.56723356,-125.50385,-123.71385,0,10
0.613663,-0.6467481,-118.2454,-116.4554,0,10
0.588757,-0.24481136,-117.5967,-115.8067,0,10
0.54154134,0.021252077,-117.098976,-115.308975,0,10
0.38354796,-0.3217689,-117.14952,-115.35952,0,10
0.25333786,-0.6297808,-117.22834,-115.43834,0,10
0.31720257,-0.58015066,-115.072815,-113.282814,0,10
0.4209892,-0.4164242,-115.14213,-113.35213,0,10
0.32914558,-0.40934482,-114.895615,-113.10561,0,10
0.3403471,-0.40993965,-114.92539,-113.13539,0,10
0.46335933,-0.27358383,-115.07776,-113.28776,0,10
0.5929917,-0.20820989,-116.538734,-114.74873,0,10
0.48937917,-0.47034115,-116.61169,-114.821686,0,10
0.50304496,-0.47475612,-116.652695,-114.86269,0,10
0.45102146,-0.3735893,-116.38758,-114.59758,0,10
0.4294576,-0.34558594,-121.61795,-119.82795,0,10
0.33365414,-0.3737677,-121.43292,-119.64292,0,10
0.32843417,-0.23761347,-121.22411,-119.43411,0,10
0.39650297,-0.2191966,-121.357765,-119.567764,0,10
0.43083602,-0.53803897,-121.903656,-120.113655,0,10
0.5613343,-0.6806079,-122.448135,-120.658134,0,10
0.5651531,-0.3470272,-121.9303,-120.1403,0,10
0.51240337,-0.03351804,-121.31918,-119.52918,0,10
0.46557814,-0.27672142,-121.57379,-119.78379,0,10
-0.4391016,-0.47120798,-119.54869,-117.75869,0,10
0.6108058,-1.3286713,-122.10638,-120.316376,0,10
0.8785326,-0.20124331,-120.963745,-119.173744,0,10
0.60534143,-0.026471296,-119.98292,-118.19292,0,10
1.0871744,-1.1584179,-123.09081,-121.30081,0,10
0.3020685,0.17544687,-118.885414,-117.09541,0,10
0.25230026,1.0775679,-123.15,-121.36,0,10
0.97246933,0.36817375,-126.16239,-124.37239,0,10
0.50484526,-0.63787216,-126.873276,-125.083275,0,10
0.3686077,-0.29814538,-125.86919,-124.079185,0,10
0.73484457,0.7716757,-124.86624,-123.07624,0,10
0.46472096,-0.5864815,-125.0088,-123.218796,0,10
-0.9046085,-0.96433717,-122.10829,-120.31829,0,10
-0.8772846,-0.24328113,-121.003876,-119.213875,0,10
-0.36222205,0.085345805,-121.82369,-120.03369,0,10
0.15887888,0.20599358,-119.77622,-117.98622,0,10
0.569217,0.75837547,-120.03268,-118.242676,0,10
0.1527635,0.044357557,-120.026695,-118.236694,0,10
-0.3056213,0.47852987,-117.997185,-116.207184,0,10
-0.33359587,2.13325,-115.572815,-113.782814,0,10
0.72901726,0.8135427,-118.68481,-116.894806,0,10
0.59110427,-0.49365383,-120.12815,-118.33815,0,10
0.16329283,0.32111135,-117.97482,-116.18482,0,10
-0.23701064,0.1455099,-117.215065,-115.425064,0,10
-0.3741902,-0.38418657,-117.55906,-115.76906,0,10
-0.5998701,0.46090662,-124.755806,-122.965805,0,10
-0.14055131,1.9761262,-123.45518,-121.66518,0,10
1.2618119,2.785471,-125.25551,-123.46551,0,10
0.41118768,2.1729207,-124.375984,-122.58598,0,10
-0.4076681,3.596185,-120.64447,-118.85447,0,10
-0.64993864,4.815261,-118.52302,-116.73302,0,10
-0.40835732,4.360366,-119.57596,-117.78596,0,10
0.06411236,3.3930833,-121.82421,-120.03421,0,10
0.48823977,3.5349376,-122.536736,-120.746735,0,10
-0.2824017,6.8177905,-124.34191,-122.55191,0,10
-0.08801289,6.2412357,-125.43274,-123.64274,0,10
-1.1138881,5.311158,-124.71312,-122.92312,0,10
-1.6335763,5.0961123,-123.95926,-122.16926,0,10
-0.3309051,6.36043,-124.83061,-123.04061,0,10
1.2543344,8.346916,-128.45421,-126.66421,0,10
1.5253328,7.735453,-129.58778,-127.79778,0,10
1.2677768,6.5813484,-130.67308,-128.88309,0,10
1.2402222,6.558287,-130.66196,-128.87196,0,10
1.1606227,8.537681,-128.09297,-126.30297,0,10
0.06748047,10.095681,-124.76144,-122.971436,0,10
-1.4574405,9.108823,-123.54162,-121.75162,0,10
0.08267653,8.945617,-125.82561,-124.03561,0,10
2.8511255,9.670232,-128.60886,-126.818855,0,10
1.9753785,9.519233,-127.699486,-125.909485,0,10
-1.0566689,9.941925,-122.66173,-120.87173,0,10
0.34787112,9.081095,-125.25467,-123.46467,0,10
2.0622163,9.994997,-126.536,-124.746,0,10
2.590718,12.126059,-125.283676,-123.493675,0,10
1.0204321,11.711537,-123.81583,-122.025826,0,10
0.6696523,10.925524,-127.949684,-126.15968,0,10
1.5207045,13.856193,-126.336494,-124.54649,0,10
2.6866329,14.206073,-127.28658,-125.49658,0,10
1.6210849,15.229725,-125.34113,-123.55113,0,10
1.2082429,14.018989,-125.86048,-124.07048,0,10
1.2424028,14.686859,-130.45549,-128.6655,0,10
1.2012798,16.021273,-129.16716,-127.37716,0,10
1.8640586,15.8589115,-130.02434,-128.23434,0,10
0.9995617,15.744336,-129.19858,-127.40858,0,10
1.2070123,16.344141,-128.57104,-126.781044,0,10
3.2350564,16.536396,-130.25221,-128.46222,0,10
3.4959178,16.667461,-130.37408,-128.58409,0,10
2.2032921,16.444513,-129.40999,-127.61999,0,10
0.7828945,17.475279,-127.330574,-125.54057,0,10
1.5347917,18.733686,-128.30537,-126.51537,0,10
2.8153715,18.716362,-129.42517,-127.63517,0,10
2.3828042,18.718065,-129.05531,-127.26531,0,10
0.84449553,19.622961,-127.066055,-125.276054,0,10
2.0105624,20.319107,-127.599464,-125.80946,0,10
2.795562,20.776503,-131.00159,-129.2116,0,10
1.8802559,21.694674,-129.63853,-127.84853,0,10
1.5832977,21.368343,-129.62709,-127.83709,0,10
1.4957619,22.122372,-129.04456,-127.254555,0,10
2.4482775,21.915174,-133.08397,-131.29398,0,10
2.935498,21.666538,-133.55591,-131.76591,0,10
1.7646955,22.069342,-132.54198,-130.75198,0,10
-0.3908613,23.113605,-130.4524,-128.6624,0,10
2.0077367,23.256952,-131.9625,-130.1725,0,10
3.1419299,23.332338,-134.64938,-132.85939,0,10
1.7876543,23.735533,-133.52649,-131.7365,0,10
1.804384,24.169493,-133.25928,-131.46928,0,10
2.9119444,24.254442,-133.90256,-132.11256,0,10
2.588653,24.646872,-133.45183,-131.66183,0,10
1.3046521,25.45033,-134.50475,-132.71475,0,10
1.1512924,25.598305,-134.3248,-132.5348,0,10
2.051901,26.496038,-134.31378,-132.52379,0,10
1.9699485,26.58462,-134.21516,-132.42517,0,10
1.2184751,26.357492,-131.64465,-129.85466,0,10
1.3122089,26.59927,-131.5627,-129.7727,0,10
2.0219202,26.588459,-132.01192,-130.22192,0,10
1.8526131,27.020962,-131.65456,-129.86456,0,10
1.0903432,27.01239,-131.18427,-129.39427,0,10
1.5664773,27.111845,-130.53238,-128.74239,0,10
1.9865652,27.469969,-130.5954,-128.8054,0,10
1.624946,27.4152,-130.39255,-128.60255,0,10
0.93605727,27.24131,-130.03754,-128.24754,0,10
1.0053724,27.397432,-134.35927,-132.56927,0,10
1.728209,28.371584,-134.1904,-132.4004,0,10
1.7788042,28.291044,-134.27406,-132.48407,0,10
1.5275815,28.634203,-133.89624,-132.10625,0,10
1.0345598,29.231174,-133.21013,-131.42014,0,10
0.6712567,29.58752,-131.9994,-130.20941,0,10
0.4077044,29.671303,-131.81117,-130.02118,0,10
1.4912299,29.24505,-132.62338,-130.83339,0,10
2.9897847,29.122482,-133.47853,-131.68854,0,10
2.5255706,29.27592,-133.15588,-131.36589,0,10
1.6290451,29.118229,-131.55228,-129.76228,0,10
1.8902017,28.401451,-132.0486,-130.2586,0,10
1.8402411,28.130081,-132.16072,-130.37073,0,10
2.033487,27.987753,-132.33646,-130.54646,0,10
2.4868636,27.712805,-131.34438,-129.55438,0,10
2.0492606,27.954987,-130.93956,-129.14957,0,10
2.0972397,27.695736,-131.11653,-129.32654,0,10
2.0401473,27.205225,-131.36424,-129.57425,0,10
2.0081413,26.680342,-131.65234,-129.86235,0,10
2.1997187,25.833815,-132.64589,-130.8559,0,10
2.8133152,24.556372,-133.87924,-132.08925,0,10
3.749858,23.360312,-135.30556,-133.51556,0,10
3.0890918,22.990011,-135.14154,-133.35155,0,10
1.712125,23.088438,-134.14815,-132.35815,0,10
0.54561836,24.851215,-132.00818,-130.21819,0,10
0.91989696,28.072445,-130.33394,-128.54395,0,10
1.7003496,27.484768,-131.17209,-129.3821,0,10
0.66216284,26.031565,-131.35721,-129.56721,0,10
0.93904483,24.498623,-129.10924,-127.31924,0,10
0.8915925,24.721992,-128.93631,-127.14631,0,10
0.93279773,24.137394,-129.33005,-127.54005,0,10
0.8466735,22.751757,-130.15909,-128.3691,0,10
1.3425331,21.67779,-131.27023,-129.48024,0,10
2.119626,20.805096,-131.65584,-129.86584,0,10
1.7280438,19.45471,-132.35268,-130.56268,0,10
1.1221759,18.62839,-132.4951,-130.70511,0,10
0.6190682,18.149061,-132.4482,-130.6582,0,10
0.614836,18.34342,-132.29155,-130.50156,0,10
1.4687825,16.826925,-128.07385,-126.28385,0,10
1.8238553,15.010235,-129.70842,-127.91842,0,10
1.727959,16.231852,-128.72015,-126.93015,0,10
2.0887573,16.764267,-128.64674,-126.85674,0,10
2.3489602,14.90154,-130.24855,-128.45856,0,10
1.9965897,13.574696,-130.0836,-128.29361,0,10
1.6861733,12.185756,-130.9892,-129.1992,0,10
1.3317664,12.206317,-130.61487,-128.82487,0,10
1.818497,12.28538,-131.03162,-129.24162,0,10
3.0217836,9.183237,-128.18748,-126.397484,0,10
2.5461369,11.367809,-125.616455,-123.826454,0,10
1.3003787,12.623815,-123.124886,-121.334885,0,10
-0.1398494,9.605429,-123.84797,-122.05797,0,10
-0.7627486,9.365311,-123.22571,-121.43571,0,10
2.5460322,10.595822,-124.1362,-122.3462,0,10
3.465058,10.436872,-125.38423,-123.59423,0,10
1.773986,9.833065,-123.84242,-122.05242,0,10
1.4454381,8.959512,-124.20542,-122.41542,0,10
2.335771,8.893025,-126.17641,-124.386406,0,10
3.1933575,7.12635,-129.15697,-127.36697,0,10
3.0226855,6.1503444,-130.04494,-128.25494,0,10
2.6701474,6.082189,-129.65224,-127.862236,0,10
1.7363684,6.907786,-127.439926,-125.649925,0,10
0.9171913,6.366388,-123.33886,-121.54886,0,10
0.38661817,5.9429502,-122.9531,-121.1631,0,10
1.6815202,5.28936,-125.63056,-123.84056,0,10
2.5859158,4.881525,-127.42754,-125.63754,0,10
2.1922007,4.1083827,-119.868126,-118.078125,0,10
1.8747936,3.93633,-119.48954,-117.69954,0,10
2.479883,3.6622734,-120.84045,-119.050446,0,10
2.6837904,3.6611078,-121.19488,-119.40488,0,10
1.9475654,3.4308634,-120.15076,-118.360756,0,10
1.2407527,2.9700758,-119.60805,-117.81805,0,10
1.2754341,2.7732997,-119.91703,-118.12703,0,10
1.8295966,2.3143291,-121.63568,-119.84568,0,10
1.7119678,1.7521023,-122.133415,-120.343414,0,10
1.4475064,1.5597986,-121.83358,-120.04358,0,10
1.6830776,1.4501371,-122.441414,-120.65141,0,10
1.8449217,1.3285708,-122.89678,-121.10678,0,10
1.5634316,1.1887184,-122.537636,-120.747635,0,10
1.5580761,1.2265875,-122.48029,-120.69029,0,10
1.2516752,1.2365042,-121.878784,-120.08878,0,10
1.4196469,1.11484,-121.238976,-119.448975,0,10
1.7548487,0.8766026,-122.23569,-120.44569,0,10
1.7735969,0.6223728,-122.612526,-120.822525,0,10
1.8976892,0.28493157,-123.32868,-121.53868,0,10
1.6261915,0.382857,-120.47511,-118.68511,0,10
1.5451257,0.58595747,-120.04747,-118.25747,0,10
1.3817589,0.78958225,-119.450966,-117.660965,0,10
1.2995776,0.6283486,-119.4736,-117.6836,0,10
1.3273919,0.57000536,-119.604866,-117.814865,0,10
1.3259969,0.603997,-117.83874,-116.04874,0,10
1.4412107,0.6664146,-118.015236,-116.225235,0,10
1.344375,0.55560464,-117.935555,-116.14555,0,10
1.291367,0.2734002,-118.15503,-116.36503,0,10
1.3877729,0.21082777,-118.442665,-116.652664,0,10
1.154682,0.3592173,-121.024925,-119.234924,0,10
1.1592139,0.27903777,-121.15003,-119.36003,0,10
1.3042991,0.29976386,-121.4581,-119.6681,0,10
1.5207607,0.3269713,-121.91763,-120.12763,0,10
1.3250204,0.40318677,-121.357574,-119.56757,0,10
1.1020867,0.3686331,-117.8091,-116.0191,0,10
1.3644971,0.025757331,-118.786446,-116.996445,0,10
1.4747204,-0.09408074,-119.172295,-117.38229,0,10
1.5360832,0.12391127,-119.03728,-117.24728,0,10
1.4894425,0.33549967,-119.50509,-117.71509,0,10
1.3679365,0.27090073,-119.32428,-117.53428,0,10
1.235561,0.19023366,-119.13754,-117.34754,0,10
1.3955421,0.17247586,-119.50559,-117.71559,0,10
1.6840621,0.007058842,-120.333824,-118.54382,0,10
1.617622,-0.034410167,-119.27644,-117.48644,0,10
1.4988757,0.10958162,-118.83081,-117.04081,0,10
1.4066485,0.3108378,-118.377174,-116.58717,0,10
1.4316279,0.3232011,-118.417435,-116.62743,0,10
1.7879206,-0.026174871,-119.64275,-117.85275,0,10
1.731808,-0.18430428,-121.18971,-119.39971,0,10
1.4923085,-0.018490717,-120.536736,-118.746735,0,10
1.4744397,0.15889393,-120.29837,-118.50837,0,10
1.4713199,0.15278949,-120.299385,-118.509384,0,10
1.5776072,0.035350345,-120.59527,-118.80527,0,10
1.6377913,0.024708292,-120.75714,-118.96714,0,10
1.6396526,-0.033666797,-120.847824,-119.05782,0,10
1.5499473,-0.070132814,-120.68302,-118.89302,0,10
1.4464744,0.025655227,-120.289154,-118.49915,0,10
1.6551592,0.023824234,-119.50222,-117.71222,0,10
1.6563927,0.027995208,-119.49957,-117.70957,0,10
1.5323133,-0.005158728,-119.26366,-117.473656,0,10
1.5299902,-0.065140896,-119.335945,-117.545944,0,10
1.6994474,-0.072946995,-119.79197,-118.00197,0,10
1.7543507,0.038512107,-119.76827,-117.97827,0,10
1.6646961,0.008998717,-119.601746,-117.811745,0,10
1.6030279,-0.057484865,-119.54831,-117.75831,0,10
1.5282516,-0.095775746,-119.425964,-117.63596,0,10
1.63316,-0.084338166,-116.71332,-114.92332,0,10
1.70038,-0.034851056,-116.81341,-115.02341,0,10
1.5513017,0.042685907,-116.36025,-114.57025,0,10
1.5517187,-0.05467736,-116.48039,-114.69039,0,10
1.6280414,-0.064180076,-116.67605,-114.88605,0,10
1.6874301,-0.09762349,-117.609024,-115.81902,0,10
1.6861503,-0.1144248,-117.62583,-115.83583,0,10
1.53146,0.026024185,-117.12725,-115.33725,0,10
1.4890352,0.044220787,-117.01411,-115.224106,0,10
1.5296783,-0.03728411,-117.06647,-115.27647,0,10
1.5522363,-0.055960234,-117.13266,-115.34266,0,10
1.5888892,-0.073452,-117.226425,-115.436424,0,10
1.5576177,-0.11453546,-117.20679,-115.41679,0,10
1.5347162,-0.11820602,-117.163795,-115.373795,0,10
1.5844123,-0.01770596,-120.41484,-118.62484,0,10
1.6655675,-0.0053752335,-120.55573,-118.76573,0,10
1.5830976,-0.05872317,-120.45962,-118.66962,0,10
1.6015263,-0.13030863,-120.57789,-118.78789,0,10
1.5663303,-0.11188432,-116.46724,-114.67724,0,10
1.4875208,-0.1271037,-116.304596,-114.514595,0,10
1.6078458,-0.14580242,-116.6016,-114.8116,0,10
1.6597542,-0.06633129,-116.6269,-114.8369,0,10
1.5731446,-0.016277384,-116.37194,-114.58194,0,10
1.5523458,-0.07638862,-117.26347,-115.47347,0,10
1.5359263,-0.19491734,-117.36321,-115.57321,0,10
1.5203445,-0.14867832,-117.276726,-115.486725,0,10
1.4873829,-0.048534207,-117.09208,-115.30208,0,10
1.468156,-0.07163945,-117.07668,-115.28668,0,10
1.4239649,-0.17842622,-117.275154,-115.48515,0,10
1.42236,-0.22019875,-117.32342,-115.53342,0,10
1.3983268,-0.16455871,-117.197266,-115.407265,0,10
